19301938593
19301938594
19301938595
19301938655
19301938725
19301938827
19301938967
19301939151
19301945793
19301945794
19301945795
19301945855
19301945925
19301946027
19301946167
19301946351
19301946513
19301946514
19301946515
19301946575
19301946645
19301946747
19301946887
19301947071
19302148095
19302148995
19302149085
19302422655
19302423555
19302423645
19302843075
19302843975
19302844065
19303465515
19303466415
19303466505
19342040073
19342040074
19342040075
19342040135
19342040205
19342040307
19342040447
19342040631
19342040793
19342040794
19342040795
19342040855
19342040925
19342041027
19342041167
19342041351
19342044753
19342044754
19342044755
19342044815
19342044885
19342044987
19342045127
19342045311
19342246740
19342246830
19342247325
19342521300
19342521390
19342521885
19342941720
19342941810
19342942305
19343564160
19343564250
19343564745
19344669125
19344669129
19344669131
19344669257
19344669261
19344669263
19344669677
19344669681
19344669683
19344670817
19344670821
19344670823
19344673337
19344673341
19344673343
19344678209
19344678213
19344678215
19344686777
19344686781
19344686783
19344689302
19344689303
19344689387
19344689537
19344689822
19344690305
19344691061
19344691840
19344691841
19344691846
19344691847
19344692012
19344692015
19344692312
19344692315
19344692882
19344692885
19344693848
19344693851
19344695360
19344695363
19344696846
19344696848
19344696851
19344696978
19344696980
19344696983
19344697398
19344697400
19344697403
19344698538
19344698540
19344698543
19344701058
19344701060
19344701063
19344705930
19344705932
19344705935
19344714498
19344714500
19344714503
19344717040
19344717041
19344717046
19344717047
19344717212
19344717215
19344717512
19344717515
19344718082
19344718085
19344719048
19344719051
19344720560
19344720563
19344722062
19344722063
19344722147
19344722297
19344722582
19344723065
19344723821
19345548257
19345548261
19345548263
19345551137
19345551512
19345551515
19345552218
19345552220
19345552223
19345555112
19345555115
19345555817
19346860997
19346861001
19346861003
19346863877
19346864252
19346864255
19346864958
19346864960
19346864963
19346867852
19346867855
19346868557
19349113247
19349113251
19349113253
19349116127
19349116502
19349116505
19349117208
19349117210
19349117213
19349120102
19349120105
19349120807
19352806937
19352806941
19352806943
19352809817
19352810192
19352810195
19352810898
19352810900
19352810903
19352813792
19352813795
19352814497
19358638217
19358638221
19358638223
19358641097
19358641472
19358641475
19358642178
19358642180
19358642183
19358645072
19358645075
19358645777
36024770115
36024771015
36024771105
36028112040
36028112130
36028112625
36028367657
36028367661
36028367663
36028370537
36028370912
36028370915
36028371618
36028371620
36028371623
36028374512
36028374515
36028375217
61322646915
61322647815
61322647905
61325988840
61325988930
61325989425
61326244457
61326244461
61326244463
61326247337
61326247712
61326247715
61326248418
61326248420
61326248423
61326251312
61326251315
61326252017
72167938140
72167938195
72167938196
72167938197
72167938198
72167938199
72167939711
72167942231
72167946431
72167953031
72172803000
72172803055
72172803056
72172803057
72172803058
72172803059
72172804571
72172807091
72172811291
72172817891
72173163360
72173163415
72173163416
72173163417
72173163418
72173163419
72173164931
72173167451
72173171651
72173178251
72192793451
72194415071
72194535191
72234595211
72236216831
72236336951
72305138411
72306760031
72306880151
72419863931
72421485551
72421605671
72600563051
72602184671
72602304791
73861668570
73882919165
74221099320
74223802020
74265250250
74265250355
79691090700
79691090755
79691090756
79691090757
79691090758
79691090759
79691092271
79691094791
79691098991
79691105591
79691451060
79691451115
79691451116
79691451117
79691451118
79691451119
79691452631
79691455151
79691459351
79691465951
79694333940
79694333995
79694333996
79694333997
79694333998
79694333999
79694335511
79694338031
79694342231
79694348831
79714504571
79714624691
79715585651
79756306331
79756426451
79757387411
79826849531
79826969651
79827930611
79941575051
79941695171
79942656131
80122274171
80122394291
80123355251
81400226520
81402929220
81444377450
81444377555
82066385370
82087635965
103762521315
103762522215
103762522305
103765863240
103765863330
103765863825
103766118857
103766118861
103766118863
103766121737
103766122112
103766122115
103766122818
103766122820
103766122823
103766125712
103766125715
103766126417
114389269451
114390891071
114391011191
116001630971
116001751091
116002712051
127934543635
127934543636
127934543637
127934543638
127934543639
127934543807
127934544031
127934544367
127934544847
127934545507
127936714553
127940339993
127945909193
127954220153
127966313273
128817524335
128817524336
128817524337
128817524338
128817524339
128817524507
128817524731
128817525067
128817525547
128817526207
128818124935
128818124936
128818124937
128818124938
128818124939
128818125107
128818125331
128818125667
128818126147
128818126807
128822247803
128822427983
128829498683
128829678863
128840637083
128840817263
128857259003
128857439183
128881445243
128881625423
140636223535
140636223536
140636223537
140636223538
140636223539
140636223707
140636223931
140636224267
140636224747
140636225407
140636824135
140636824136
140636824137
140636824138
140636824139
140636824307
140636824531
140636824867
140636825347
140636826007
140640947003
140641127183
140648197883
140648378063
140659336283
140659516463
140675958203
140676138383
140700144443
140700324623
141364883635
141364883636
141364883637
141364883638
141364883639
141364883807
141364884031
141364884367
141364884847
141364885507
141367054553
141370679993
141376249193
141384560153
141396653273
172955632995
172955633895
172955633985
172958974920
172958975010
172958975505
172959230537
172959230541
172959230543
172959233417
172959233792
172959233795
172959234498
172959234500
172959234503
172959237392
172959237395
172959238097
183582381131
183584002751
183584122871
185194742651
185194862771
185195823731
193632652553
193814522843
193814703023
196178262683
196178442863
196318720553
214934824135
214934824136
214934824137
214934824138
214934824139
214934824307
214934824531
214934824867
214934825347
214934826007
214935103163
214935490823
214936051383
214936841543
214937930903
214939403783
216474836455
216474836456
216474836457
216474836458
216474836459
216474836627
216474836851
216474837187
216474837667
216474838327
216475115483
216475503143
216476063703
216476853863
216477943223
216479416103
216546464935
216546464936
216546464937
216546464938
216546464939
216546465107
216546465331
216546465667
216546466147
216546466807
216546743963
216547131623
216547692183
216548482343
216549571703
216551044583
235420569415
235420569416
235420569417
235420569418
235420569419
235420569587
235420569811
235420570147
235420570627
235420571287
235420848443
235421236103
235421796663
235422586823
235423676183
235425149063
235492197895
235492197896
235492197897
235492197898
235492197899
235492198067
235492198291
235492198627
235492199107
235492199767
235492476923
235492864583
235493425143
235494215303
235495304663
235496777543
236351739655
236351739656
236351739657
236351739658
236351739659
236351739827
236351740051
236351740387
236351740867
236351741527
236352018683
236352406343
236352966903
236353757063
236354846423
236356319303
282923256915
282923257815
282923257905
282926598840
282926598930
282926599425
282926854457
282926854461
282926854463
282926857337
282926857712
282926857715
282926858418
282926858420
282926858423
282926861312
282926861315
282926862017
293550005051
293551626671
293551746791
295162366571
295162486691
295163447651
303600276473
303782146763
303782326943
306145886603
306146066783
306286344473
318308990423
318597742733
318611173073
322150067663
322163498003
322324662083
327153001473
327154187463
327154187467
327799912809
327799912860
327799912864
327799913355
327799914255
327799914345
358042855623
358042855627
358045011153
358689694815
358689694819
358689694899
358689695760
358689695850
358689696345
