0	4146068
1	2483531
2	3466701
3	4534901
4	3068513
5	4225154
6	2721461
7	5343368
8	7202934
9	6787454
10	5013014
11	3742873
12	3791414
13	5604485
14	4929214
15	3009097
16	3783667
17	4774038
18	7054992
19	6342046
20	7558305
21	10154141
22	8241247
23	6389533
24	7595050
25	7901469
26	4257111
27	4204569
28	3758932
29	5621974
30	4841680
31	4472934
32	8240792
33	6236559
34	3821497
35	3845964
36	3481267
37	6622240
38	5325357
39	4489739
40	4690870
41	7203435
42	8454873
43	6609187
44	6882240
45	7500837
46	10130470
47	8713035
48	8707399
49	14435485
50	12778800
51	6277990
52	6709991
53	10026136
54	7009886
55	6875604
56	14102465
57	8635393
58	3192585
59	5158903
60	6656757
61	4567428
62	4082399
63	5718306
64	5090044
65	4697774
66	8333787
67	6574467
68	5116346
69	4963043
70	6572859
71	8796638
72	10051366
73	9793739
74	5658264
75	3099576
76	3978806
77	3498524
78	6993236
79	4688153
80	5166498
81	4776707
82	8309279
83	7456451
84	6560144
85	4601462
86	6139426
87	4659507
88	5975656
89	7348302
90	9725365
91	11687500
92	7588218
93	10112377
94	4842295
95	7127193
96	7421920
97	9048716
98	8241779
99	7913515
100	11743452
101	11095543
102	8058998
103	8656418
104	8170115
105	10662313
106	14666642
107	15187760
108	9673525
109	6843765
110	7735952
111	11223054
112	8967025
113	8585257
114	14949017
115	9595610
116	10782605
117	7705650
118	10668524
119	13660340
120	19138920
121	13343481
122	7060418
123	5668430
124	5200217
125	8043987
126	5704325
127	7511980
128	10721732
129	5867628
130	4217601
131	5883218
132	5266663
133	5017988
134	8617533
135	7066673
136	5365950
137	5245136
138	7015739
139	8930873
140	10361257
141	10310775
142	5539901
143	7863280
144	5181807
145	6862618
146	6621305
147	10079375
148	6851360
149	8587802
150	11029155
151	7564901
152	10061869
153	10635000
154	6770497
155	3842040
156	3687426
157	3633342
158	6154032
159	5177292
160	4515171
161	4326162
162	6902837
163	8171665
164	6608489
165	4168533
166	5716703
167	5508557
168	5199451
169	7194890
170	8741833
171	11305641
172	7007306
173	9460468
174	6249756
175	5223453
176	5548454
177	7079462
178	8378606
179	6146088
180	5607314
181	6906507
182	8443553
183	7701955
184	8740771
185	10737693
186	10798777
187	11768239
188	8954463
189	11388787
190	10453454
191	12338575
192	5747319
193	6778798
194	1391952
195	1395853
196	1540821
197	1556423
198	1566946
199	1727151
200	1176550
201	1602385
202	1566352
203	1865793
204	1729204
205	1661083
206	1360802
207	1268688
208	1746750
209	1991223
210	1354698
211	1557877
212	1506648
213	1646218
214	1844792
215	2147165
216	2214304
217	2248590
218	1672953
219	1770024
220	1368771
221	1577343
222	1730256
223	1633712
224	1925829
225	1864536
226	1317276
227	1724477
228	1851759
229	2072036
230	1887639
231	1950026
232	1393394
233	1473914
234	1713225
235	1824863
236	1728267
237	1916508
238	1826513
239	1986917
240	2272170
241	2352260
242	2264417
243	2379383
244	1532001
245	2220557
246	4435220
247	4214406
248	7037148
249	4549150
250	5952796
251	8902094
252	6127062
253	5313269
254	5324176
255	6975949
256	9376684
257	8384242
258	6924281
259	4329343
260	5572553
261	5710379
262	5023512
263	8642921
264	7454328
265	5910856
266	5018764
267	7014332
268	8884918
269	10813575
270	9336331
271	7343496
272	6625371
273	6315343
274	6069694
275	7212424
276	9303550
277	6676308
278	8489765
279	9772966
280	7345315
281	9449757
282	11516617
283	5026766
284	7169909
285	7660702
286	5733991
287	5629198
288	7348793
289	8720797
290	7772038
291	7033372
292	9625523
293	4788770
294	734616
295	735669
296	724503
297	795157
298	522938
299	481156
300	551267
301	612356
302	792181
303	2463273
304	4429703
305	5293002
306	3167388
307	4026850
308	4848784
309	6760766
310	3844115
311	5158638
312	6374084
313	9196523
314	7863482
315	4083079
316	5284817
317	7022130
318	4924504
319	6984500
320	7175131
321	11630469
322	9144552
323	8382733
324	9157459
325	5706317
326	5136617
327	6893678
328	7013800
329	8503448
330	4813520
331	6842999
332	6257141
333	9196608
334	6592444
335	9065341
336	8350274
337	12647753
338	6907633
339	10174266
340	9838022
341	13830570
342	4617867
343	6580831
344	5441067
345	7452083
346	7164725
347	10812601
348	7588855
349	11326459
350	11408514
351	4939884
352	7076986
353	7342917
354	10507845
355	8065506
356	11451053
357	13031676
358	2399182
359	1100190
360	1009100
361	1185321
362	819920
363	1076658
364	1365907
365	998263
366	1453353
367	1362323
368	1595148
369	1227580
370	1515661
371	1613141
372	1772122
373	4532879
374	5858507
375	6772197
376	2631
377	2868
378	9397
379	8924
380	0
381	3586
382	3395
383	4566
384	144
385	0
386	247
387	997
388	988
389	7774
390	14853
391	3074
392	762
393	0
394	0
395	0
396	1322459
397	1772629
398	1745001
399	1769368
400	1895762
401	1465951
402	4252
403	867
404	971
405	11789
406	299193
407	0
408	0
409	0
410	0
411	0
412	0
413	90
414	3
415	81730
416	664
417	103
418	188
419	1679
420	858807
421	1184691
422	993683
423	4741
424	6062
425	10492
426	10025
427	0
428	3466
429	4923
430	5008
431	249
432	0
433	731
434	845
435	2312
436	10269
437	15470
438	3758
439	1121
440	0
441	0
442	0
443	1565619
444	2113170
445	2196105
446	2017804
447	2201977
448	1661263
449	5741
450	1521
451	2125
452	36315
453	310133
454	0
455	0
456	0
457	0
458	0
459	0
460	495
461	230
462	108
463	202
464	105423
465	71095
466	224
467	806363
468	1471347
469	1995022
470	2627864
471	4427560
472	5611175
473	4874617
474	3935645
475	7847018
476	6162494
477	5164979
478	3746662
479	5447012
480	8077272
481	8765668
482	8601239
483	5462638
484	6549067
485	3876445
486	5347039
487	5154694
488	5753720
489	693378
490	751450
491	679220
492	663862
493	2952282
494	4661346
495	5923332
496	5617090
497	5105431
498	9072042
499	7303745
500	6210581
501	5438372
502	7432384
503	8853205
504	11029721
505	10538681
506	6440459
507	6965028
508	5920302
509	6336431
510	7295757
511	9590779
512	8618974
513	11199049
514	13015617
515	9702026
516	11576258
517	13050884
518	7746697
519	7086366
520	8629500
521	6790531
522	5339172
523	7472964
524	8363097
525	8153750
526	8280224
527	11598976
528	5733078
529	1928483
530	2021494
531	1739317
532	2283786
533	1789160
534	1892201
535	1924414
536	2036456
537	2291019
538	5669402
539	8041938
540	8073436
541	8514327
542	7690296
543	2320099
544	4249771
545	6578726
546	7132790
547	10080244
548	6718728
549	8138006
550	8692569
551	7907909
552	10301556
553	1258789
554	1358402
555	3333365
556	6831
557	2753
558	7240
559	861477
560	1562133
561	23442
562	13728
563	626917
564	8830
565	2756
566	7708
567	1496838
568	1334554
569	0
570	28407
571	2193536
572	6678711
573	7943624
574	5064303
575	3027422
576	3074930
577	3744861
578	4670879
579	6721280
580	3783954
581	4880604
582	6098241
583	9374676
584	7629163
585	4736713
586	4968637
587	6821818
588	4820276
589	6477514
590	7446293
591	10058095
592	10895142
593	8313785
594	9677547
595	5851673
596	4581245
597	6447085
598	6284583
599	9202195
600	4690641
601	6393960
602	6490505
603	9214553
604	7437566
605	10181581
606	9772732
607	13695444
608	7970421
609	10261220
610	11326217
611	14870552
612	6339181
613	7373554
614	6070806
615	5692806
616	6830135
617	8939413
618	6941722
619	7642079
620	9371708
621	4500733
622	5379215
623	6685873
624	8316057
625	6942443
626	8107598
627	10803977
628	3396505
629	1931817
630	1984437
631	2233966
632	1954310
633	2175746
634	3018773
635	2089661
636	2048856
637	2044300
638	2411260
639	1904407
640	2350341
641	3040073
642	3055134
643	5415993
644	6913966
645	8701444
646	4893444
647	6617628
648	6758468
649	9355362
650	6645481
651	7607430
652	7179748
653	6102424
654	6260082
655	1003799
656	740238
657	3379642
658	5009305
659	6843293
660	7089056
661	8172179
662	6948468
663	7393834
664	6971614
665	9481755
666	5606552
667	1339226
668	1570941
669	2514193
670	0
671	0
672	0
673	0
674	0
675	2510856
676	1595688
677	101981
678	0
679	31649
680	681783
681	409748
682	0
683	0
684	0
685	0
686	574417
687	2925929
688	942073
689	102694
690	0
691	66888
692	1166290
693	4160518
694	6072603
695	5858820
696	7431524
697	4157844
698	764055
699	2770
700	5732
701	274632
702	99983
703	0
704	45428
705	122485
706	96700
707	26781
708	0
709	21286
710	37646
711	17577
712	28229
713	139681
714	41509
715	17393
716	0
717	0
718	0
719	220502
720	412587
721	288799
722	309970
723	572978
724	355947
725	79181
726	40273
727	55724
728	173648
729	163460
730	0
731	0
732	0
733	0
734	42379
735	668593
736	380193
737	9407
738	1106
739	36179
740	9866
741	9895
742	622
743	30859
744	23000
745	19494
746	66348
747	36703
748	23151
749	127727
750	221414
751	77488
752	60954
753	5016
754	0
755	0
756	0
757	0
758	0
759	480733
760	525084
761	151354
762	361567
763	91321
764	6657
765	32921
766	9387
767	4002
768	1047
769	4487
770	35632
771	5585
772	7471
773	2030
774	6980
775	0
776	2201
777	23811
778	6748
779	17301
780	9654
781	536
782	4284
783	184254
784	142373
785	29891
786	43510
787	116893
788	83949
789	35077
790	0
791	253
792	43082
793	29877
794	26265
795	111726
796	52233
797	31853
798	0
799	0
800	0
801	115235
802	363593
803	361386
804	479300
805	410583
806	394733
807	67044
808	40272
809	60899
810	87890
811	245173
812	0
813	0
814	0
815	0
816	0
817	606464
818	456764
819	33714
820	8438
821	9246
822	1134
823	17645
824	9397
825	6439
826	35600
827	25989
828	64094
829	34757
830	21710
831	47128
832	277068
833	23966
834	135842
835	7164
836	0
837	0
838	0
839	0
840	0
841	334558
842	668911
843	96845
844	53253
845	465371
846	797
847	22279
848	33378
849	8804
850	8747
851	1119
852	7127
853	202
854	1381
855	17332
856	9215
857	3977
858	1125
859	18677
860	11163
861	16011
862	10394
863	2272848
864	5072020
865	4793008
866	6656492
867	5117212
868	7048527
869	8695643
870	5755624
871	5828282
872	5638568
873	8263457
874	9430440
875	9603488
876	7722999
877	7086429
878	6874632
879	5921497
880	7489651
881	8731298
882	1834705
883	514109
884	734629
885	687488
886	1349561
887	7025311
888	7730210
889	7995738
890	1280267
891	6021229
892	7567812
893	8124234
894	9219245
895	4397444
896	305109
897	10128
898	237843
899	3132
900	18513
901	12078
902	296597
903	1305
904	1895417
905	3777154
906	5220087
907	5405387
908	4464120
909	8332969
910	6991644
911	5291913
912	4261334
913	6274565
914	8045359
915	9920771
916	8173841
917	6661217
918	5567960
919	5353488
920	5411382
921	6387316
922	8155558
923	7111506
924	10251568
925	11042955
926	8959962
927	10409903
928	12457259
929	6606904
930	7185692
931	7565160
932	7009220
933	5048727
934	6694675
935	7744013
936	7161608
937	7271689
938	10897612
939	6457201
940	1665693
941	1655242
942	1536151
943	1952031
944	1565558
945	1715834
946	1755671
947	1739161
948	1967165
949	4783648
950	6494714
951	6947837
952	7532490
953	8535420
954	3285417
955	3834105
956	5788415
957	6739565
958	8873291
959	6993293
960	8813115
961	11533257
962	8149619
963	9579676
964	2096490
965	1400538
966	3946258
967	482027
968	7299
969	38714
970	445879
971	1288543
972	22973
973	12901
974	366002
975	9927
976	7419
977	44104
978	962985
979	1204125
980	0
981	25667
982	1172773
983	5332560
984	5955453
985	4800161
986	3052096
987	9576292
988	11067705
989	6858602
990	7051451
991	3153930
992	2840227
993	5026475
994	7058197
995	6704172
996	9748230
997	7028271
998	10886689
999	10808014
1000	7421424
1001	7429395
1002	2405840
1003	2368491
1004	6717345
1005	6319602
1006	8791299
1007	1011824
1008	792872
1009	169911
1010	975283
1011	4723304
1012	79768
1013	62069
1014	31648
1015	125300
1016	325006
1017	57151
1018	143947
1019	24898
1020	41043
1021	266751
1022	16075
1023	4423
1024	8658
1025	119175
1026	35472
1027	23889
1028	285347
1029	177032
1030	187616
1031	11237
1032	65161
1033	44321
1034	232538
1035	4821
1036	13028
1037	3413870
1038	5206456
1039	6604513
1040	2708541
1041	5380239
1042	1500677
1043	2305940
1044	2645189
1045	3683477
1046	4355801
1047	6669743
1048	3793094
1049	4606615
1050	5667841
1051	9225063
1052	7206867
1053	4580204
1054	4485410
1055	6357388
1056	4346851
1057	6155070
1058	6848006
1059	9579373
1060	10179459
1061	7600462
1062	9056528
1063	5450046
1064	4272730
1065	6019571
1066	5676839
1067	8324573
1068	4331893
1069	6170658
1070	5863443
1071	8440779
1072	6864343
1073	9890294
1074	9071772
1075	13016427
1076	7807575
1077	9932539
1078	10750486
1079	14019322
1080	6449389
1081	7194847
1082	5955584
1083	5608394
1084	6604786
1085	8682572
1086	6857272
1087	7929391
1088	9963114
1089	4583568
1090	5247755
1091	6397772
1092	7888607
1093	6508294
1094	8187656
1095	10663754
1096	3376723
1097	1788178
1098	1795251
1099	1987318
1100	1779961
1101	1807377
1102	2709354
1103	1942603
1104	1917183
1105	1901695
1106	2246878
1107	1760456
1108	2123970
1109	2828090
1110	2865728
1111	5179315
1112	6347325
1113	7698032
1114	4753000
1115	6607001
1116	6427822
1117	9101306
1118	6490916
1119	8769017
1120	8417571
1121	6750935
1122	6930823
1123	956076
1124	754097
1125	3759304
1126	4892835
1127	6740054
1128	6749326
1129	7985542
1130	7279394
1131	9215301
1132	8531682
1133	9694877
1134	5735740
1135	1271091
1136	1686316
1137	3367883
1138	0
1139	0
1140	0
1141	0
1142	0
1143	1901252
1144	1269659
1145	103293
1146	0
1147	28705
1148	505792
1149	271517
1150	0
1151	0
1152	0
1153	0
1154	432833
1155	2388370
1156	838908
1157	102894
1158	0
1159	60372
1160	914225
1161	3810118
1162	5353355
1163	5082993
1164	6651993
1165	3909315
1166	1424603
1167	6492769
1168	8335724
1169	7597082
1170	10585035
1171	8546287
1172	11281838
1173	11288805
1174	8554555
1175	7927362
1176	2423715
1177	2481925
1178	8326380
1179	6699629
1180	8792527
1181	947373
1182	767502
1183	165947
1184	1261871
1185	6398568
1186	5102386
1187	7450779
1188	6683973
1189	9300806
1190	7576942
1191	11547946
1192	10402027
1193	8542727
1194	6071231
1195	2925773
1196	2968723
1197	6879738
1198	8245467
1199	5740862
1200	1320631
1201	933361
1202	199985
1203	1437773
1204	4531071
1205	0
1206	0
1207	0
1208	0
1209	0
1210	0
1211	0
1212	0
1213	0
1214	0
1215	0
1216	0
1217	0
1218	0
1219	0
1220	0
1221	0
1222	0
1223	0
1224	0
1225	0
1226	0
1227	0
1228	0
1229	0
1230	0
1231	0
1232	0
1233	0
1234	0
1235	0
1236	0
1237	0
1238	0
1239	0
1240	0
1241	0
1242	543143
1243	4764988
1244	5779813
1245	6077706
1246	6771683
1247	3307326
1248	2609656
1249	5556536
1250	2391269
1251	82150
1252	3144943
1253	6615265
1254	8050885
1255	7292205
1256	6657631
1257	11207044
1258	10432397
1259	6228752
1260	6553165
1261	7472938
1262	8929377
1263	11459837
1264	11564228
1265	7724606
1266	7504325
1267	9272022
1268	8417606
1269	8099495
1270	8709188
1271	8988292
1272	10028410
1273	13508181
1274	11819323
1275	13131222
1276	13832362
1277	10263340
1278	9439654
1279	11196739
1280	13630111
1281	12451851
1282	12842386
1283	7221952
1284	8950683
1285	7681721
1286	10172866
1287	11875288
1288	15166835
1289	13118937
1290	1220596
1291	785485
1292	1140042
1293	1372698
1294	979992
1295	910424
1296	1274139
1297	7234664
1298	8032961
1299	9264716
1300	11043322
1301	13728946
1302	11717236
1303	13865386
1304	11921705
1305	6930667
1306	2591235
1307	6486789
1308	8932717
1309	8108831
1310	10471922
1311	10139593
1312	13359713
1313	14558348
1314	13283490
1315	14456581
1316	8524976
1317	1521139
1318	5427857
1319	128464
1320	182427
1321	142931
1322	142472
1323	59907
1324	193076
1325	83387
1326	313694
1327	418453
1328	38558
1329	6480
1330	2959792
1331	6757567
1332	7528685
1333	7512756
1334	3328099
1335	10491198
1336	11743204
1337	10031642
1338	13514692
1339	10320760
1340	10065462
1341	2093641
1342	9632069
1343	10003168
1344	5163658
1345	262710
1346	5374117
1347	6330803
1348	10912578
1349	10380001
1350	14245917
1351	10152057
1352	12201067
1353	15450974
1354	11893019
1355	11272678
1356	8310495
1357	2085031
1358	7492517
1359	12959403
1360	7121773
1361	12244968
1362	2884548
1363	429242
1364	560869
1365	7740026
1366	160190
1367	41862
1368	338220
1369	86919
1370	72916
1371	111011
1372	2032
1373	208225
1374	50496
1375	72781
1376	383583
1377	285083
1378	83109
1379	85571
1380	95604
1381	52081
1382	209199
1383	6672
1384	6748
1385	8931237
1386	11467521
1387	12987215
1388	5531977
1389	10874487
1390	5064673
1391	3821055
1392	6776200
1393	8555246
1394	10570867
1395	8427985
1396	12697025
1397	14701819
1398	8668482
1399	10043991
1400	8960376
1401	12744377
1402	15152551
1403	16425631
1404	11689213
1405	8225621
1406	10956985
1407	11653779
1408	9008132
1409	12104032
1410	10335847
1411	13854956
1412	13666566
1413	14867271
1414	17480281
1415	16761390
1416	11098168
1417	10764384
1418	11096453
1419	13660014
1420	12076798
1421	13918140
1422	7766779
1423	11298646
1424	9862181
1425	14145308
1426	10999851
1427	14325437
1428	14646409
1429	1810706
1430	1984760
1431	1729978
1432	1574280
1433	1575540
1434	1957117
1435	1702816
1436	8797577
1437	10664963
1438	10300910
1439	12064119
1440	13674502
1441	11821119
1442	13328009
1443	11187079
1444	9047302
1445	1586448
1446	7580766
1447	10605700
1448	11914009
1449	14434349
1450	11554928
1451	11788998
1452	15211696
1453	12921315
1454	14149833
1455	10555004
1456	1287245
1457	6282469
1458	36326
1459	210378
1460	80531
1461	174702
1462	939501
1463	42746
1464	4373
1465	443195
1466	122203
1467	484743
1468	252430
1469	2074508
1470	10378740
1471	10181986
1472	9618565
1473	2095199
1474	7061258
1475	8662141
1476	8097092
1477	11665353
1478	7334458
1479	7686154
1480	1780989
1481	6790280
1482	6016178
1483	5033102
1484	322808
1485	3082905
1486	6844960
1487	10087963
1488	12483320
1489	14378698
1490	11651056
1491	11926836
1492	18245398
1493	11557726
1494	11114645
1495	9745866
1496	2515967
1497	7531030
1498	11445253
1499	7628525
1500	12136774
1501	4386729
1502	792201
1503	621523
1504	7359026
1505	980758
1506	203483
1507	37872
1508	65355
1509	534179
1510	132498
1511	159184
1512	13255
1513	124044
1514	20244
1515	212447
1516	7531
1517	3945
1518	122094
1519	99237
1520	271089
1521	102611
1522	130298
1523	36302
1524	6760923
1525	9758057
1526	11521920
1527	5912724
1528	8317685
1529	6300625
1530	1477510
1531	5757604
1532	5423990
1533	9633162
1534	5888826
1535	7739303
1536	10491940
1537	8096104
1538	6982072
1539	7261134
1540	8734322
1541	11108297
1542	11225993
1543	9291309
1544	8739772
1545	8553961
1546	6905664
1547	8394026
1548	9540282
1549	4579167
1550	922395
1551	900836
1552	1096407
1553	1027559
1554	6599906
1555	8865929
1556	9021132
1557	2316541
1558	6366372
1559	8783162
1560	8244550
1561	10382474
1562	6688625
1563	373420
1564	124022
1565	277413
1566	153072
1567	3878
1568	126098
1569	522498
1570	95078
1571	942798
1572	5128155
1573	6562608
1574	3866078
1575	1857722
1576	2860748
1577	488524
1578	4996812
1579	7882033
1580	7465854
1581	8861137
1582	5135052
1583	1873147
1584	5151492
1585	3488043
1586	371834
1587	3348701
1588	8239269
1589	9228818
1590	7651477
1591	5875787
1592	7908775
1593	1328153
1594	9631405
1595	10831760
1596	10634179
1597	4803093
1598	10479425
1599	880709
1600	2971557
1601	3856102
1602	6658494
1603	4793126
1604	5754919
1605	8576750
1606	6752534
1607	5278258
1608	5426017
1609	7277374
1610	9139519
1611	10047118
1612	10307731
1613	5087797
1614	7638415
1615	4364713
1616	6716561
1617	6151397
1618	9050253
1619	8214709
1620	9899831
1621	12698365
1622	9016723
1623	11465525
1624	10843552
1625	7940670
1626	6761157
1627	8857744
1628	5455654
1629	5823599
1630	6883679
1631	8901876
1632	7071572
1633	9156396
1634	11539619
1635	3406272
1636	1718027
1637	1884610
1638	1710736
1639	1944896
1640	1605976
1641	1823563
1642	1836418
1643	1955362
1644	2314795
1645	6523288
1646	7198864
1647	6657571
1648	8735193
1649	8881463
1650	1664781
1651	4790439
1652	6946337
1653	6737028
1654	9593890
1655	7078705
1656	10438439
1657	10176230
1658	8496313
1659	9065254
1660	1134262
1661	1479937
1662	4049904
1663	10832
1664	6000
1665	104665
1666	1027888
1667	768728
1668	0
1669	15637
1670	398616
1671	13156
1672	4349
1673	110668
1674	1671842
1675	567309
1676	265
1677	39201
1678	2674436
1679	5866485
1680	6830532
1681	3376063
1682	4929007
1683	8898197
1684	10507637
1685	4266591
1686	8522627
1687	725281
1688	3432735
1689	5303362
1690	7015809
1691	8238700
1692	7737339
1693	7140153
1694	11756661
1695	8917726
1696	7354147
1697	5283775
1698	2343395
1699	2940033
1700	7778165
1701	6133068
1702	6518835
1703	636790
1704	760544
1705	592837
1706	1700057
1707	3120731
1708	155056
1709	79739
1710	206953
1711	356994
1712	291944
1713	308523
1714	12030
1715	91074
1716	89659
1717	362075
1718	10329
1719	16652
1720	99401
1721	140354
1722	63563
1723	191051
1724	589592
1725	61569
1726	313485
1727	37826
1728	63194
1729	324940
1730	128072
1731	6394
1732	268965
1733	5586090
1734	7398945
1735	7669267
1736	2204546
1737	6457917
1738	93932
1739	4708639
1740	7373140
1741	8784909
1742	3417207
1743	7220871
1744	744058
1745	4726222
1746	4484677
1747	116139
1748	1312473
1749	3125612
1750	6123332
1751	5608554
1752	8980391
1753	5454626
1754	8049460
1755	9707219
1756	6737537
1757	7440884
1758	1993361
1759	2032512
1760	4406810
1761	5749217
1762	7985473
1763	2683283
1764	587242
1765	100690
1766	681092
1767	3584893
1768	6708573
1769	5123049
1770	8287883
1771	3314314
1772	665604
1773	0
1774	0
1775	0
1776	0
1777	1674020
1778	3058667
1779	5676635
1780	7607698
1781	8931537
1782	8701161
1783	11799032
1784	9226778
1785	4638032
1786	4711988
1787	8909132
1788	11912525
1789	1150970
1790	150373
1791	6899384
1792	7823308
1793	12015968
1794	5454718
1795	1147181
1796	178422
1797	309879
1798	7588109
1799	8212077
1800	11398319
1801	11806614
1802	12262693
1803	13049729
1804	11682548
1805	3191834
1806	7956415
1807	10816111
1808	10459113
1809	1215692
1810	783794
1811	8509742
1812	7954539
1813	12158073
1814	5638848
1815	1246062
1816	84346
1817	1259336
1818	5632282
1819	7943243
1820	8765795
1821	7849227
1822	2840414
1823	6369197
1824	178766
1825	5162507
1826	4250225
1827	5646218
1828	5695934
1829	3250479
1830	3865717
1831	3773035
1832	7561256
1833	4581308
1834	5074494
1835	5725238
1836	9269798
1837	6993778
1838	6500417
1839	4930702
1840	6632608
1841	4352044
1842	6798653
1843	7510472
1844	9728962
1845	11550637
1846	8152155
1847	10423851
1848	5198542
1849	4539211
1850	6704843
1851	5912812
1852	9018282
1853	4371058
1854	6614003
1855	6202994
1856	9463564
1857	6795062
1858	9359218
1859	10574310
1860	12716936
1861	9138418
1862	9635730
1863	11879018
1864	13768894
1865	8006725
1866	6908123
1867	6905609
1868	5731865
1869	7394952
1870	8755155
1871	7792465
1872	7808570
1873	10154251
1874	5850568
1875	5247531
1876	6876713
1877	8133985
1878	7274642
1879	7989708
1880	10755059
1881	5353124
1882	1777679
1883	1933059
1884	2254763
1885	1878590
1886	1920884
1887	2570186
1888	2204172
1889	1840597
1890	2037704
1891	2303290
1892	1910807
1893	2183396
1894	2831954
1895	2710928
1896	5678844
1897	6849137
1898	7482350
1899	5365363
1900	7162668
1901	6768975
1902	10374531
1903	6606564
1904	8563309
1905	9308618
1906	6970832
1907	8010993
1908	965725
1909	792162
1910	3723650
1911	4933344
1912	7157378
1913	6556243
1914	9511735
1915	6964196
1916	9329920
1917	9428183
1918	9437972
1919	7190343
1920	1279984
1921	1675884
1922	3778326
1923	0
1924	0
1925	0
1926	0
1927	0
1928	1654129
1929	1569031
1930	107722
1931	0
1932	29884
1933	343587
1934	480816
1935	0
1936	0
1937	0
1938	0
1939	128406
1940	2463000
1941	1189370
1942	108033
1943	0
1944	62522
1945	702699
1946	3317050
1947	6067243
1948	5265711
1949	7668297
1950	4941799
1951	837914
1952	5234577
1953	7533794
1954	7427067
1955	10275373
1956	7155680
1957	11658563
1958	10920763
1959	7958825
1960	8379938
1961	2390477
1962	2267260
1963	6610448
1964	6736640
1965	10167591
1966	1300563
1967	628640
1968	124008
1969	785324
1970	5392606
1971	4824783
1972	6770938
1973	6587038
1974	9570400
1975	6853608
1976	11232425
1977	10549365
1978	7503641
1979	6852203
1980	2928139
1981	2716546
1982	5941487
1983	8062540
1984	5039594
1985	2656520
1986	799741
1987	170938
1988	981346
1989	4712418
1990	0
1991	0
1992	0
1993	0
1994	0
1995	0
1996	0
1997	0
1998	0
1999	0
2000	0
2001	0
2002	0
2003	0
2004	0
2005	0
2006	0
2007	0
2008	0
2009	0
2010	0
2011	0
2012	0
2013	0
2014	0
2015	0
2016	0
2017	0
2018	0
2019	0
2020	0
2021	0
2022	0
2023	0
2024	0
2025	0
2026	0
2027	387468
2028	5288420
2029	7185366
2030	6752037
2031	8465738
2032	4603282
2033	2016345
2034	6439635
2035	3692417
2036	86870
2037	2180259
2038	5518864
2039	6605483
2040	8309494
2041	6370302
2042	7621253
2043	10474794
2044	7596506
2045	7004369
2046	3203022
2047	2013074
2048	3628147
2049	6368012
2050	7238725
2051	4880105
2052	484518
2053	128218
2054	615737
2055	2671646
2056	7492488
2057	4543814
2058	9086951
2059	4171927
2060	812042
2061	0
2062	0
2063	0
2064	0
2065	476034
2066	4286142
2067	2857411
2068	5949419
2069	6273235
2070	8997406
2071	6168255
2072	8312161
2073	10825044
2074	7165520
2075	7821574
2076	2240200
2077	2450857
2078	4970221
2079	7623200
2080	4870278
2081	4493852
2082	656865
2083	158736
2084	759102
2085	3879455
2086	7267866
2087	7643954
2088	3763484
2089	7364635
2090	504326
2091	0
2092	0
2093	0
2094	0
2095	1681183
2096	3833454
2097	3958692
2098	5269601
2099	5070654
2100	5675220
2101	4700970
2102	5377311
2103	5648192
2104	7353102
2105	7299599
2106	4154162
2107	449732
2108	3134986
2109	8511040
2110	5584924
2111	9711975
2112	1255027
2113	10978
2114	46621
2115	2226103
2116	6923191
2117	6500580
2118	4122110
2119	7127934
2120	5471638
2121	613404
2122	0
2123	0
2124	0
2125	5079063
2126	6727098
2127	7796967
2128	11062094
2129	9609876
2130	13053878
2131	9506850
2132	12096766
2133	13129180
2134	12319021
2135	10895605
2136	4596811
2137	1723417
2138	9420835
2139	12783370
2140	7827021
2141	11707731
2142	1038238
2143	346066
2144	663578
2145	5998944
2146	9952727
2147	6263966
2148	5782255
2149	12770956
2150	5727735
2151	1139631
2152	0
2153	0
2154	0
2155	6300636
2156	4291912
2157	7565012
2158	8611498
2159	9022960
2160	8958592
2161	4043642
2162	4467726
2163	7394737
2164	1748567
2165	132207
2166	4438608
2167	4585923
2168	3792987
2169	4876330
2170	6953991
2171	5864160
2172	7231178
2173	8026085
2174	13470979
2175	9599037
2176	13268110
2177	17618940
2178	9541271
2179	13472691
2180	10227423
2181	13927204
2182	19103743
2183	16661846
2184	15314769
2185	10960159
2186	12170295
2187	15045959
2188	9748538
2189	13445591
2190	11671323
2191	16711051
2192	16104200
2193	17709828
2194	19446410
2195	21419653
2196	11552200
2197	11311554
2198	13520775
2199	15168783
2200	12853434
2201	16072786
2202	8006566
2203	13071684
2204	11961781
2205	16662228
2206	12568767
2207	15851339
2208	17235618
2209	3805592
2210	2229156
2211	1814094
2212	2329330
2213	2519170
2214	2081675
2215	2107188
2216	8290946
2217	12039778
2218	12223378
2219	13067196
2220	14468961
2221	13144277
2222	15852492
2223	11226476
2224	11373351
2225	634223
2226	8026983
2227	10837539
2228	13942110
2229	15053879
2230	13528530
2231	13879741
2232	17758091
2233	12325244
2234	15553876
2235	13669364
2236	1496232
2237	5045191
2238	1819339
2239	415101
2240	693716
2241	219473
2242	60244
2243	241593
2244	616055
2245	211659
2246	1620979
2247	158358
2248	6361
2249	1491670
2250	10158731
2251	12232633
2252	11693684
2253	4387031
2254	11674475
2255	14488661
2256	14698083
2257	17048239
2258	14403752
2259	14736946
2260	2685577
2261	10714971
2262	11218182
2263	10390473
2264	471175
2265	2423251
2266	8993815
2267	9885022
2268	12870488
2269	14280795
2270	13517917
2271	12523740
2272	18380910
2273	12137906
2274	11895165
2275	11731214
2276	2874977
2277	6053513
2278	11856248
2279	8062712
2280	11317269
2281	6978862
2282	633217
2283	1142910
2284	5473885
2285	4912812
2286	3159362
2287	3389751
2288	2779169
2289	2679700
2290	3167208
2291	483742
2292	5629491
2293	4957319
2294	4358463
2295	4308605
2296	4703784
2297	4697704
2298	1808406
2299	3423128
2300	3583207
2301	4994727
2302	1856647
2303	768847
2304	6582148
2305	13168738
2306	13774601
2307	9256065
2308	7740331
2309	9397055
2310	1912536
2311	11331764
2312	13283595
2313	12173756
2314	15600065
2315	13257904
2316	13902728
2317	2048580
2318	11129049
2319	11402946
2320	10654365
2321	288414
2322	2789822
2323	11080654
2324	10884062
2325	11193302
2326	6734439
2327	139976
2328	276344
2329	2946464
2330	6391255
2331	9299482
2332	11754766
2333	13200926
2334	12658274
2335	11351835
2336	16024138
2337	13355120
2338	12442466
2339	12731775
2340	2575829
2341	4309044
2342	11998121
2343	10236618
2344	10811912
2345	9822852
2346	533815
2347	982593
2348	3461635
2349	9800575
2350	15578019
2351	6810713
2352	11552221
2353	11814011
2354	7306452
2355	0
2356	0
2357	0
2358	0
2359	7959064
2360	10035914
2361	17724055
2362	20006134
2363	14574983
2364	15405900
2365	14666582
2366	8354208
2367	16078077
2368	15567303
2369	2863262
2370	14775034
2371	18823515
2372	21245241
2373	17614822
2374	22645141
2375	18637449
2376	20115564
2377	5518412
2378	19436079
2379	15738050
2380	19453407
2381	1702558
2382	9449467
2383	14693407
2384	9567827
2385	21681877
2386	16140515
2387	4002763
2388	282239
2389	11206197
2390	10818345
2391	13285233
2392	15405074
2393	7856146
2394	10109679
2395	7515501
2396	4481772
2397	8953589
2398	9228621
2399	15451039
2400	6273847
2401	6925028
2402	11061501
2403	9075138
2404	7803383
2405	15246423
2406	13850006
2407	8707346
2408	10144495
2409	10156555
2410	14142407
2411	18053807
2412	18042999
2413	9309928
2414	9885854
2415	11392432
2416	10144351
2417	9797010
2418	12084431
2419	12889171
2420	13030339
2421	16074932
2422	16485726
2423	17506302
2424	14757906
2425	12543193
2426	8689975
2427	11960532
2428	14306332
2429	12664959
2430	11745032
2431	8764792
2432	11956873
2433	11105856
2434	13642767
2435	12007303
2436	16303805
2437	10651827
2438	1918283
2439	2179398
2440	2187936
2441	1575924
2442	1666716
2443	2137699
2444	2761638
2445	10489708
2446	11879912
2447	9701256
2448	11462116
2449	14518161
2450	11874013
2451	13438396
2452	11483509
2453	5855877
2454	3873456
2455	8035938
2456	11937057
2457	10793869
2458	15345584
2459	10900723
2460	13772862
2461	14639097
2462	14156165
2463	14344710
2464	7141890
2465	1383817
2466	5946661
2467	75770
2468	268136
2469	705693
2470	516222
2471	685331
2472	38080
2473	13789
2474	490851
2475	416286
2476	728831
2477	84225
2478	4350950
2479	10817625
2480	11078139
2481	8146711
2482	5357592
2483	12448858
2484	14347046
2485	11991275
2486	16518332
2487	11094892
2488	9863018
2489	3669341
2490	10088409
2491	11932974
2492	4840276
2493	491053
2494	6261084
2495	7342360
2496	10998121
2497	10081125
2498	15004819
2499	9974994
2500	13390752
2501	15456662
2502	10627704
2503	10371892
2504	7001160
2505	2574758
2506	8599008
2507	10950754
2508	6466980
2509	11822475
2510	1390649
2511	843570
2512	752910
2513	7840068
2514	2739603
2515	2331658
2516	3216827
2517	2884907
2518	3268825
2519	3534097
2520	2319190
2521	1411183
2522	3584367
2523	3319577
2524	2681304
2525	1446
2526	2152705
2527	4587628
2528	3781864
2529	4103403
2530	2546614
2531	3730316
2532	1218487
2533	8888997
2534	11145948
2535	11524395
2536	5030091
2537	10485009
2538	3490883
2539	5266482
2540	10172996
2541	12618589
2542	9730105
2543	13453328
2544	10657358
2545	7909220
2546	3689667
2547	9624266
2548	13018592
2549	3906653
2550	274748
2551	5128724
2552	8363394
2553	13223369
2554	8938266
2555	1517201
2556	206689
2557	167899
2558	5537768
2559	4882526
2560	9108583
2561	9867139
2562	13940073
2563	9029305
2564	10004692
2565	14740861
2566	10502855
2567	9912103
2568	7750552
2569	2249152
2570	6612912
2571	11497934
2572	7003269
2573	12026113
2574	3658612
2575	723809
2576	577256
2577	6422671
2578	10894399
2579	11315277
2580	6278808
2581	14086030
2582	9670551
2583	1896015
2584	0
2585	0
2586	0
2587	3071662
2588	6303960
2589	11403291
2590	13084586
2591	15772993
2592	14590402
2593	18734940
2594	16178645
2595	12230828
2596	8348651
2597	16457733
2598	15140483
2599	13191367
2600	106483
2601	10315504
2602	12333389
2603	12444477
2604	20011757
2605	10757138
2606	2175659
2607	963625
2608	14150822
2609	15288291
2610	17209316
2611	16633450
2612	10842511
2613	15907720
2614	5543118
2615	11591154
2616	16069261
2617	5115214
2618	6816704
2619	10639378
2620	12239422
2621	11899174
2622	5332411
2623	11174206
2624	1164130
2625	5825587
2626	9772708
2627	11007785
2628	9299520
2629	4088347
2630	6199672
2631	8677735
2632	6884438
2633	6755238
2634	10744333
2635	8519482
2636	7694436
2637	6492928
2638	8545770
2639	9674473
2640	12182675
2641	10107689
2642	8423238
2643	9157523
2644	5807574
2645	8425254
2646	8745260
2647	6550341
2648	1182883
2649	911244
2650	1179115
2651	1143182
2652	5215047
2653	8210545
2654	8731358
2655	3683733
2656	4603526
2657	8573240
2658	8207665
2659	10109591
2660	8810818
2661	462165
2662	138376
2663	358619
2664	389805
2665	7072
2666	137550
2667	503873
2668	438331
2669	582407
2670	7581260
2671	9617947
2672	8871079
2673	2589826
2674	5615324
2675	381909
2676	3714028
2677	8006581
2678	7121367
2679	9648584
2680	6457368
2681	1628803
2682	4936160
2683	4667231
2684	527447
2685	1040841
2686	4529242
2687	3753806
2688	3899790
2689	1612391
2690	3605308
2691	2243
2692	3428383
2693	3671382
2694	3388343
2695	1488848
2696	3404148
2697	1074485
2698	3810358
2699	7252082
2700	8529127
2701	4310531
2702	5725090
2703	2594353
2704	2411432
2705	6035314
2706	2376493
2707	2988531
2708	3586991
2709	6777370
2710	6870409
2711	9092469
2712	6884925
2713	1472565
2714	5427004
2715	5362249
2716	402142
2717	1835308
2718	4878139
2719	6554757
2720	1366731
2721	0
2722	0
2723	9544265
2724	13430299
2725	15265299
2726	7227644
2727	11116436
2728	6593882
2729	5069927
2730	9402287
2731	9380342
2732	15209248
2733	8726228
2734	11193870
2735	12691130
2736	5654837
2737	10488223
2738	5067618
2739	4673819
2740	9111992
2741	8641792
2742	12666417
2743	3315166
2744	3644557
2745	6458844
2746	4176761
2747	5652553
2748	8986826
2749	6417050
2750	5189234
2751	5181420
2752	7496440
2753	9680243
2754	9825613
2755	9464678
2756	5385372
2757	7442969
2758	4436317
2759	6371722
2760	6083853
2761	8774459
2762	7621389
2763	8495749
2764	9579751
2765	9218366
2766	11100501
2767	9744868
2768	7738053
2769	7351019
2770	8322411
2771	4749877
2772	6105011
2773	6559574
2774	9421934
2775	6412692
2776	8964996
2777	10458145
2778	3036451
2779	1722082
2780	1825991
2781	1728572
2782	1911147
2783	1550392
2784	1850833
2785	1791247
2786	1868732
2787	2484993
2788	6687533
2789	6262642
2790	6391377
2791	8526507
2792	7898946
2793	1970857
2794	4634438
2795	7005522
2796	6651976
2797	9493035
2798	7183434
2799	9070381
2800	9670837
2801	8441852
2802	8340585
2803	1124026
2804	1489008
2805	3644636
2806	7255
2807	5277
2808	101453
2809	1209475
2810	644688
2811	0
2812	15083
2813	413514
2814	10508
2815	3337
2816	106861
2817	1612468
2818	428751
2819	108
2820	111015
2821	3122590
2822	5469605
2823	5937770
2824	2888775
2825	5285603
2826	8545569
2827	9554726
2828	3679377
2829	7524168
2830	656989
2831	3500862
2832	5173196
2833	7415094
2834	8617354
2835	7738052
2836	7078651
2837	10169883
2838	8708066
2839	7125354
2840	4759061
2841	2274606
2842	3170265
2843	7467937
2844	6002179
2845	5774281
2846	334423
2847	704328
2848	784064
2849	2180673
2850	2314109
2851	138355
2852	59482
2853	176771
2854	332926
2855	155239
2856	242427
2857	10730
2858	74920
2859	127486
2860	225470
2861	9454
2862	13980
2863	73453
2864	95116
2865	55179
2866	164912
2867	406594
2868	47184
2869	241521
2870	25827
2871	53568
2872	248897
2873	102727
2874	5473
2875	480903
2876	5979681
2877	6850179
2878	7244796
2879	2271606
2880	5748211
2881	96762
2882	4629662
2883	7402230
2884	8177422
2885	2993904
2886	6472828
2887	465956
2888	5167939
2889	3574412
2890	69973
2891	1523799
2892	3327473
2893	6233391
2894	5552260
2895	8735893
2896	5591206
2897	7119968
2898	8985368
2899	6497223
2900	6802724
2901	2082208
2902	1972797
2903	4428542
2904	5628909
2905	7815774
2906	1892561
2907	594549
2908	101492
2909	641041
2910	3411242
2911	7172348
2912	5192296
2913	7749138
2914	3069560
2915	619566
2916	0
2917	0
2918	0
2919	0
2920	1974876
2921	2687704
2922	6266986
2923	11044559
2924	10019300
2925	9927374
2926	12199039
2927	11365790
2928	3471348
2929	6156492
2930	10338279
2931	11785837
2932	1078801
2933	278280
2934	8752563
2935	8420612
2936	11749828
2937	5638508
2938	1201069
2939	283828
2940	999915
2941	7664295
2942	9195369
2943	11492665
2944	11835540
2945	12241372
2946	11787429
2947	12412682
2948	2206043
2949	8739790
2950	10607643
2951	10217733
2952	499189
2953	1483928
2954	7738501
2955	9224403
2956	10766995
2957	6152504
2958	582629
2959	145902
2960	2189892
2961	5549926
2962	8201414
2963	8805491
2964	6895824
2965	3254654
2966	5827700
2967	202227
2968	5984828
2969	3857706
2970	6193651
2971	5456442
2972	7908578
2973	7900868
2974	5435586
2975	5677624
2976	2833042
2977	1860015
2978	6418829
2979	1186806
2980	955827
2981	4729964
2982	4252989
2983	4171666
2984	4605749
2985	7262714
2986	4593505
2987	4440574
2988	6765568
2989	6156849
2990	8546826
2991	6541540
2992	7031243
2993	9078223
2994	6805284
2995	5875791
2996	2147205
2997	2139108
2998	6282304
2999	5513366
3000	7376297
3001	910177
3002	621483
3003	141802
3004	928319
3005	4570496
3006	5988859
3007	6271576
3008	6308665
3009	2465359
3010	0
3011	0
3012	0
3013	0
3014	0
3015	4026482
3016	3514783
3017	3972080
3018	2904392
3019	7528507
3020	3009534
3021	2801890
3022	2244732
3023	5055297
3024	3284425
3025	2586449
3026	4571405
3027	9950342
3028	5006323
3029	4632397
3030	3995538
3031	4095216
3032	5522996
3033	13177698
3034	14033683
3035	12640521
3036	16150581
3037	12349697
3038	12864696
3039	2011707
3040	11501843
3041	13485476
3042	8531075
3043	308756
3044	4160182
3045	10387784
3046	11343814
3047	10733596
3048	5012623
3049	3161725
3050	4086093
3051	6730567
3052	8615154
3053	6153104
3054	12232188
3055	7843461
3056	6490523
3057	5144262
3058	13409250
3059	18239220
3060	12104953
3061	10709248
3062	9762101
3063	8092460
3064	10863023
3065	13420434
3066	10855257
3067	12931410
3068	11280439
3069	5437121
3070	5825840
3071	10197537
3072	12952135
3073	1408995
3074	256141
3075	8254881
3076	8670201
3077	11940312
3078	5884803
3079	2829040
3080	2351400
3081	3058249
3082	6928516
3083	7496407
3084	6899522
3085	7381606
3086	5106350
3087	4245388
3088	11670505
3089	10360837
3090	10138763
3091	12273642
3092	7619574
3093	6318786
3094	8172307
3095	8680623
3096	5675928
3097	4185524
3098	4618910
3099	1434990
3100	6598457
3101	2910933
3102	2692200
3103	3319170
3104	4928124
3105	2629456
3106	8786641
3107	9877619
3108	6957958
3109	3272978
3110	3957262
3111	3315935
3112	7197774
3113	4617523
3114	5150392
3115	5524813
3116	8673225
3117	7443026
3118	6965308
3119	4602012
3120	6425735
3121	4675273
3122	6303830
3123	7784046
3124	9975770
3125	11528104
3126	8227378
3127	10330251
3128	5053487
3129	4666016
3130	6482461
3131	5869215
3132	9272724
3133	4263170
3134	6074158
3135	6658763
3136	8954909
3137	6624669
3138	7551348
3139	8436774
3140	9010309
3141	7871162
3142	9220943
3143	11329462
3144	13322579
3145	8344971
3146	6770632
3147	7204787
3148	5563264
3149	7561019
3150	8420633
3151	8010248
3152	7111445
3153	8532157
3154	6430148
3155	5164427
3156	6616578
3157	8250248
3158	6954497
3159	7707968
3160	8877758
3161	5952043
3162	1657604
3163	1957574
3164	2205340
3165	1866784
3166	1995147
3167	2393752
3168	2257970
3169	1820040
3170	2069028
3171	2236536
3172	1927378
3173	2158711
3174	2572081
3175	2643417
3176	5361633
3177	6815541
3178	6191274
3179	5243327
3180	6713396
3181	7132843
3182	9912654
3183	6868221
3184	7274662
3185	8905080
3186	6623054
3187	7887788
3188	1083487
3189	810560
3190	3229316
3191	4806894
3192	6711238
3193	6646569
3194	9469185
3195	6958983
3196	7205952
3197	9148314
3198	8701023
3199	7645286
3200	1244279
3201	1636384
3202	3582273
3203	0
3204	0
3205	0
3206	0
3207	0
3208	1488084
3209	1812808
3210	104944
3211	0
3212	28816
3213	238953
3214	588073
3215	0
3216	0
3217	0
3218	0
3219	0
3220	2121372
3221	1379737
3222	105922
3223	0
3224	36517
3225	644586
3226	2984436
3227	5845526
3228	5371317
3229	6519384
3230	4939094
3231	830299
3232	4457963
3233	7773847
3234	7269820
3235	10444769
3236	7022560
3237	9594648
3238	10897643
3239	7733024
3240	8353636
3241	2435249
3242	2265883
3243	6007603
3244	6351484
3245	8872178
3246	1975758
3247	737574
3248	160570
3249	777088
3250	5088322
3251	4271024
3252	6940101
3253	6564093
3254	9740815
3255	6736095
3256	9681677
3257	10223588
3258	7333934
3259	7034699
3260	2871558
3261	2652716
3262	5571350
3263	7737465
3264	4595091
3265	2900444
3266	859701
3267	196255
3268	880509
3269	4584122
3270	30425
3271	0
3272	0
3273	0
3274	0
3275	0
3276	0
3277	0
3278	0
3279	0
3280	0
3281	0
3282	0
3283	0
3284	0
3285	0
3286	0
3287	0
3288	0
3289	0
3290	0
3291	0
3292	0
3293	0
3294	0
3295	0
3296	0
3297	0
3298	0
3299	0
3300	0
3301	0
3302	0
3303	0
3304	0
3305	0
3306	0
3307	143013
3308	5122545
3309	7316039
3310	6058760
3311	7581740
3312	4990834
3313	1433335
3314	6171945
3315	4072373
3316	62071
3317	1928107
3318	4910674
3319	7072450
3320	7807041
3321	6639423
3322	6588577
3323	8573282
3324	7895543
3325	6749095
3326	3501799
3327	1979617
3328	3351971
3329	6129405
3330	6487966
3331	5048572
3332	343650
3333	281941
3334	575543
3335	2153794
3336	6998143
3337	4727299
3338	8712629
3339	4519412
3340	870844
3341	0
3342	0
3343	0
3344	0
3345	142353
3346	4267580
3347	2604993
3348	5634707
3349	6555635
3350	8344848
3351	6546257
3352	7232556
3353	10290142
3354	7068895
3355	7254414
3356	2671779
3357	2485529
3358	4436372
3359	7138304
3360	4733578
3361	4801337
3362	666242
3363	157254
3364	712610
3365	3353570
3366	7029253
3367	7419516
3368	3868323
3369	7597798
3370	537275
3371	0
3372	0
3373	0
3374	0
3375	1177275
3376	3986474
3377	3911368
3378	8683734
3379	7895207
3380	10188276
3381	7086812
3382	7433385
3383	9368706
3384	10564886
3385	11262866
3386	6674140
3387	818396
3388	4434221
3389	12417425
3390	7186963
3391	13548705
3392	2673930
3393	42633
3394	94269
3395	4326178
3396	10430762
3397	9566863
3398	5884330
3399	10817088
3400	8384767
3401	999664
3402	0
3403	0
3404	0
3405	4601100
3406	7144422
3407	8079478
3408	11796712
3409	10127904
3410	14700563
3411	10043076
3412	11038485
3413	12632731
3414	11862866
3415	11505833
3416	5042995
3417	1751065
3418	8948955
3419	12724379
3420	8117426
3421	12124351
3422	1174006
3423	302370
3424	424998
3425	7086642
3426	9533353
3427	6467562
3428	5740479
3429	13215752
3430	6239400
3431	1183423
3432	0
3433	0
3434	0
3435	5627392
3436	4659716
3437	7252752
3438	8672183
3439	7911632
3440	8958885
3441	4493299
3442	3969809
3443	6886000
3444	2390344
3445	114616
3446	4244388
3447	3938945
3448	4240958
3449	5944438
3450	7149922
3451	4072027
3452	5123142
3453	7049224
3454	8228744
3455	7262071
3456	6724449
3457	8281075
3458	8712231
3459	7253681
3460	4477688
3461	2025073
3462	2654732
3463	7121220
3464	6112861
3465	5853024
3466	569501
3467	644355
3468	413754
3469	1512788
3470	5603709
3471	5132182
3472	7224085
3473	5839367
3474	915259
3475	0
3476	0
3477	0
3478	0
3479	0
3480	4438719
3481	5095927
3482	3706939
3483	3232265
3484	6391310
3485	2518399
3486	2543346
3487	3334608
3488	4700515
3489	2842948
3490	2580539
3491	6681954
3492	8656666
3493	4618434
3494	4461447
3495	5609029
3496	3416920
3497	3960810
3498	5815155
3499	7009001
3500	8923140
3501	6727293
3502	7850522
3503	10746530
3504	7353818
3505	7880892
3506	3171209
3507	2596785
3508	4340620
3509	7649847
3510	5114718
3511	5523695
3512	688421
3513	161685
3514	733024
3515	3291033
3516	6332832
3517	7284267
3518	3736382
3519	7199663
3520	857933
3521	0
3522	0
3523	0
3524	0
3525	958306
3526	5214937
3527	5459006
3528	5732996
3529	3259182
3530	1388459
3531	6271521
3532	2839377
3533	4326757
3534	3750317
3535	3242653
3536	2309847
3537	10057879
3538	8423243
3539	5519763
3540	3206307
3541	6512281
3542	4190298
3543	7743239
3544	13903361
3545	12422550
3546	17517031
3547	12245688
3548	13432086
3549	16868703
3550	13710772
3551	13754288
3552	8007261
3553	2235296
3554	8654319
3555	14761747
3556	9025964
3557	15254719
3558	2754073
3559	59765
3560	373039
3561	8025302
3562	13501024
3563	11412275
3564	7057622
3565	13806682
3566	8533536
3567	2268043
3568	1229773
3569	4996160
3570	3522353
3571	6079645
3572	7263245
3573	12926220
3574	9491103
3575	6266914
3576	2767422
3577	12313653
3578	8863804
3579	6280800
3580	3239306
3581	9873101
3582	7713440
3583	18106488
3584	14532699
3585	9957250
3586	8035152
3587	10728713
3588	7869280
3589	8867796
3590	11958440
3591	10990214
3592	14078100
3593	11268877
3594	11115915
3595	12448302
3596	12792739
3597	11728916
3598	3796190
3599	2024866
3600	10477499
3601	12377758
3602	8985581
3603	10543165
3604	1000736
3605	371481
3606	1213038
3607	8254309
3608	13689792
3609	8330644
3610	6364017
3611	11157047
3612	4910250
3613	2392928
3614	1329197
3615	1489186
3616	3570287
3617	7382532
3618	5868161
3619	10338134
3620	5223974
3621	5310280
3622	4281644
3623	9941838
3624	4774994
3625	5654703
3626	3936299
3627	7720285
3628	7001033
3629	5579861
3630	8943429
3631	10104241
3632	8599778
3633	6466758
3634	6704211
3635	7399905
3636	8685728
3637	9327001
3638	8047300
3639	2704959
3640	5511864
3641	7200071
3642	163159
3643	201256
3644	7111007
3645	5344767
3646	2928374
3647	2631419
3648	2850883
3649	4584198
3650	3676805
3651	4393531
3652	3423866
3653	7832505
3654	7517193
3655	10237887
3656	6276656
3657	6981084
3658	5673270
3659	6812186
3660	7699897
3661	6786098
3662	11707518
3663	13099118
3664	7754436
3665	8135233
3666	7067885
3667	11054786
3668	14831708
3669	13962255
3670	11185236
3671	4352389
3672	5379808
3673	5527633
3674	4759184
3675	7341543
3676	5356697
3677	8736525
3678	15367361
3679	14726064
3680	16936077
3681	17230422
3682	11682651
3683	9899003
3684	9668386
3685	11468960
3686	8928251
3687	12844385
3688	6654003
3689	10267746
3690	8796924
3691	13242652
3692	8247840
3693	13861600
3694	13903687
3695	1532864
3696	1002292
3697	1244805
3698	1676868
3699	1830206
3700	614120
3701	983611
3702	7919032
3703	7901867
3704	8619592
3705	9826473
3706	10880801
3707	7132390
3708	13207745
3709	9844654
3710	7298830
3711	1733051
3712	6200306
3713	8608774
3714	10379940
3715	12999489
3716	7834196
3717	10327639
3718	15154269
3719	12320696
3720	12993015
3721	9524854
3722	1498440
3723	5750956
3724	97452
3725	472345
3726	497231
3727	174469
3728	1587
3729	191874
3730	500525
3731	311457
3732	1125418
3733	54292
3734	5202
3735	2284673
3736	9363677
3737	7895701
3738	8458706
3739	3251732
3740	11947656
3741	13675352
3742	10100629
3743	15546609
3744	11482382
3745	12195341
3746	1609917
3747	10077729
3748	11185953
3749	7608920
3750	364933
3751	4438534
3752	6502008
3753	7966536
3754	10159626
3755	11630777
3756	6048811
3757	5976154
3758	15826881
3759	10267982
3760	8924387
3761	7904471
3762	1852393
3763	5603000
3764	8454952
3765	6448296
3766	9193566
3767	4300272
3768	449441
3769	767194
3770	5997141
3771	1492626
3772	1110958
3773	1112245
3774	852072
3775	979790
3776	751625
3777	118485
3778	1366588
3779	1496445
3780	860494
3781	1259555
3782	941346
3783	1424708
3784	118541
3785	916583
3786	824747
3787	1419679
3788	243455
3789	187388
3790	6868952
3791	8527155
3792	9912269
3793	5654303
3794	7947497
3795	5664031
3796	2153002
3797	9676197
3798	10058057
3799	6575230
3800	13752520
3801	9968063
3802	9590488
3803	1287623
3804	8495848
3805	10782496
3806	6564272
3807	240022
3808	3523407
3809	9208996
3810	6538172
3811	7628186
3812	2998521
3813	840184
3814	981406
3815	4089833
3816	3848377
3817	5612060
3818	9235071
3819	8916315
3820	6825811
3821	3824090
3822	15675627
3823	9402924
3824	9057496
3825	7910536
3826	1443664
3827	3564125
3828	7661258
3829	7524333
3830	8580504
3831	5942799
3832	330985
3833	747968
3834	3453494
3835	9206265
3836	10084644
3837	5993572
3838	6463765
3839	7929640
3840	2961279
3841	0
3842	0
3843	0
3844	686703
3845	5493892
3846	10609137
3847	13362614
3848	16820782
3849	10930598
3850	14511070
3851	10167143
3852	11702789
3853	11170680
3854	7760260
3855	7119910
3856	10689398
3857	16293570
3858	16595269
3859	10786550
3860	20004401
3861	15497006
3862	14235103
3863	6543258
3864	15688358
3865	13223328
3866	14878185
3867	85259
3868	9530390
3869	13138927
3870	8329745
3871	12862000
3872	8681209
3873	4113552
3874	3720347
3875	10032331
3876	9117102
3877	10435788
3878	13536028
3879	5291687
3880	10011465
3881	4327348
3882	5141585
3883	10040624
3884	7476571
3885	10266124
3886	5685287
3887	8352673
3888	8457217
3889	7647880
3890	13103450
3891	9261387
3892	3845588
3893	4925917
3894	8378010
3895	10487364
3896	1182327
3897	413298
3898	8206468
3899	5868686
3900	7421048
3901	3414636
3902	1106582
3903	1015545
3904	1243647
3905	6092724
3906	4772676
3907	2325271
3908	4430644
3909	2433165
3910	1065179
3911	8650882
3912	8137818
3913	11589612
3914	3772289
3915	9458748
3916	6259021
3917	3506300
3918	4765763
3919	4767800
3920	3702483
3921	1365656
3922	13065483
3923	8012022
3924	5474066
3925	4972346
3926	859551
3927	2261809
3928	3492817
3929	5260053
3930	3985019
3931	5034279
3932	288444
3933	594170
3934	1773806
3935	5474956
3936	7724195
3937	3879649
3938	4194795
3939	6269596
3940	2487124
3941	0
3942	0
3943	0
3944	383118
3945	3037582
3946	1873508
3947	4261949
3948	2085155
3949	1472904
3950	1822292
3951	4397150
3952	1885844
3953	1540707
3954	2848191
3955	3136450
3956	3953576
3957	5852439
3958	4303222
3959	2719019
3960	4116741
3961	3410872
3962	16447219
3963	14594393
3964	20803933
3965	12560138
3966	17533910
3967	9888059
3968	14847093
3969	14355070
3970	8767514
3971	8463302
3972	14221442
3973	7478667
3974	6489148
3975	18818494
3976	21277658
3977	14722215
3978	18180902
3979	15303503
3980	10609701
3981	17731684
3982	16494526
3983	17574035
3984	4457335
3985	15592258
3986	14373207
3987	18018946
3988	1669214
3989	6749082
3990	18196697
3991	11465716
3992	13109804
3993	11071344
3994	5241098
3995	3858723
3996	9671901
3997	12442528
3998	10800688
3999	5898662
4000	6322669
4001	6651504
4002	5679558
4003	5934688
4004	29865922
4005	24722917
4006	18671078
4007	14081759
4008	11538321
4009	14347805
4010	14147135
4011	6069128
4012	12191220
4013	2208734
4014	8854779
4015	10026678
4016	4351900
4017	4456151
4018	8649148
4019	9676895
4020	6034411
4021	17680643
4022	15468190
4023	7670501
4024	5998144
4025	9020272
4026	7734474
4027	6640697
4028	14798105
4029	12508319
4030	7615330
4031	9468251
4032	8278418
4033	13810589
4034	17977698
4035	16075673
4036	8438842
4037	7973991
4038	9404427
4039	7880870
4040	7109611
4041	10343788
4042	11372431
4043	11357820
4044	16027541
4045	14649562
4046	15556017
4047	13265224
4048	11811425
4049	7758377
4050	11452021
4051	12604619
4052	11458752
4053	10102700
4054	7506699
4055	10999918
4056	10611934
4057	12311756
4058	10346028
4059	14876862
4060	9123777
4061	1787738
4062	2073112
4063	1865284
4064	1418811
4065	1467271
4066	1936683
4067	2591515
4068	9990813
4069	8835761
4070	8347585
4071	10844392
4072	13353201
4073	10165679
4074	12923760
4075	10337327
4076	5019691
4077	3892889
4078	7379383
4079	10785883
4080	9861610
4081	14569128
4082	9031660
4083	13071047
4084	13549711
4085	13736092
4086	12992224
4087	6178147
4088	1377324
4089	5445853
4090	72188
4091	286810
4092	571464
4093	522508
4094	605235
4095	37709
4096	11234
4097	440608
4098	432607
4099	600379
4100	66995
4101	4020965
4102	9786734
4103	8903827
4104	6216414
4105	5734870
4106	11841077
4107	13989784
4108	11083321
4109	16096811
4110	10710132
4111	9142159
4112	4085189
4113	9718321
4114	12271085
4115	3990797
4116	447426
4117	6209688
4118	7210908
4119	10596459
4120	9508157
4121	14881704
4122	8680305
4123	12541368
4124	14727344
4125	10236509
4126	10017311
4127	6178783
4128	2244815
4129	8217474
4130	10732525
4131	6551807
4132	11353108
4133	1343428
4134	653867
4135	678733
4136	7050859
4137	41219
4138	2032395
4139	1453514
4140	1225164
4141	707760
4142	1146384
4143	844461
4144	179872
4145	1096667
4146	1432701
4147	703071
4148	936
4149	249385
4150	1489828
4151	905489
4152	1116932
4153	599509
4154	1034968
4155	619620
4156	8672103
4157	10265053
4158	10870220
4159	4514301
4160	10200160
4161	2626398
4162	5165478
4163	9415790
4164	12150239
4165	8820356
4166	13009532
4167	10465874
4168	6761227
4169	3623344
4170	8874469
4171	12777957
4172	3124897
4173	249750
4174	5276207
4175	9355094
4176	12731294
4177	8206746
4178	1481165
4179	741513
4180	741455
4181	5297237
4182	4725425
4183	8953036
4184	9200980
4185	13638933
4186	7683702
4187	9354947
4188	13904284
4189	9881657
4190	9818172
4191	6471471
4192	2038065
4193	5944801
4194	11121221
4195	6586578
4196	11943124
4197	2732980
4198	620286
4199	489449
4200	5495709
4201	10927287
4202	10324632
4203	5748096
4204	13271216
4205	8802015
4206	1429908
4207	0
4208	0
4209	0
4210	3000022
4211	5386494
4212	9880085
4213	14792690
4214	15262777
4215	12550139
4216	15855982
4217	15567232
4218	11272073
4219	8060016
4220	15439702
4221	15939883
4222	11858188
4223	298540
4224	11209604
4225	12417985
4226	12375516
4227	17251052
4228	10666195
4229	3926812
4230	4603679
4231	13113035
4232	15454286
4233	16000977
4234	15796558
4235	10260822
4236	15737133
4237	4880929
4238	10985094
4239	16012949
4240	6031909
4241	7639246
4242	10872245
4243	11493107
4244	11398725
4245	5045051
4246	10916158
4247	446836
4248	5997208
4249	9708065
4250	9492323
4251	8575571
4252	9331272
4253	10754375
4254	9831912
4255	12355926
4256	10532730
4257	11134681
4258	1652014
4259	8704018
4260	9658912
4261	8972644
4262	291234
4263	2228064
4264	8914195
4265	8666984
4266	8699387
4267	5078072
4268	725984
4269	620521
4270	3417664
4271	7486432
4272	4396630
4273	8087835
4274	5866224
4275	4573875
4276	1955630
4277	10148825
4278	9403657
4279	9489390
4280	8358619
4281	7498374
4282	5392594
4283	7886912
4284	8730686
4285	12391992
4286	6523746
4287	7459617
4288	12683755
4289	9396501
4290	8175771
4291	5952033
4292	1728061
4293	4548120
4294	9754135
4295	5964725
4296	10319175
4297	3015577
4298	647430
4299	463098
4300	4243004
4301	8819748
4302	9144561
4303	5241554
4304	11520558
4305	7745678
4306	1351243
4307	0
4308	0
4309	0
4310	2704660
4311	4470793
4312	7422204
4313	6202309
4314	4876225
4315	2014884
4316	8577143
4317	6747815
4318	5131547
4319	2360197
4320	3572941
4321	4667258
4322	4809433
4323	4507338
4324	10000083
4325	6040523
4326	7629582
4327	5934737
4328	15035136
4329	18795813
4330	20681232
4331	18427922
4332	21011192
4333	18381580
4334	11685304
4335	12245954
4336	16474857
4337	19646970
4338	11289243
4339	1185971
4340	16270003
4341	17646043
4342	14456332
4343	16768405
4344	11134804
4345	3557294
4346	5836031
4347	14253371
4348	16618024
4349	12826356
4350	10066359
4351	14427684
4352	8771075
4353	11461397
4354	19557006
4355	24770207
4356	22658293
4357	15742754
4358	15309692
4359	16202806
4360	16743273
4361	11367554
4362	13503873
4363	12400202
4364	9161297
4365	14317460
4366	11079478
4367	5540622
4368	12145707
4369	9224751
4370	8865789
4371	15726629
4372	21308797
4373	10976890
4374	11175077
4375	12004547
4376	10646794
4377	5929174
4378	9517845
4379	810421
4380	8791851
4381	9452005
4382	2740565
4383	5608822
4384	5606297
4385	8521950
4386	5643396
4387	15514238
4388	13227158
4389	3056525
4390	5326790
4391	7686383
4392	6911691
4393	5441349
4394	10473516
4395	8075344
4396	7275189
4397	5271579
4398	7727636
4399	9605159
4400	10312266
4401	10672635
4402	7325643
4403	8455529
4404	5157468
4405	7994437
4406	7847054
4407	7314577
4408	1148802
4409	893703
4410	1115673
4411	1139560
4412	4057405
4413	7661544
4414	8137207
4415	4124172
4416	3429582
4417	7516580
4418	7953094
4419	9275552
4420	9093775
4421	454101
4422	144590
4423	318076
4424	388419
4425	5116
4426	111125
4427	324737
4428	513990
4429	313713
4430	6462935
4431	9119482
4432	9023940
4433	2663112
4434	6295112
4435	280639
4436	3332218
4437	7078815
4438	7645514
4439	9601686
4440	7101452
4441	1520174
4442	4941657
4443	5011740
4444	390278
4445	424746
4446	1245440
4447	970126
4448	1040129
4449	391918
4450	1033882
4451	58141
4452	830639
4453	1043421
4454	577550
4455	626057
4456	925733
4457	427864
4458	2555181
4459	7159814
4460	8379397
4461	4532225
4462	4742124
4463	3253598
4464	2334530
4465	6163896
4466	1867503
4467	724930
4468	2729627
4469	6115153
4470	7073450
4471	9013512
4472	7116607
4473	1657688
4474	5411344
4475	5397746
4476	319830
4477	1412687
4478	6613593
4479	6159561
4480	1635416
4481	0
4482	0
4483	6819671
4484	9886966
4485	12535149
4486	7129856
4487	8702174
4488	7484189
4489	3575801
4490	7848842
4491	6642705
4492	2760542
4493	7886194
4494	11162187
4495	12571208
4496	6421518
4497	9043087
4498	6436883
4499	4401558
4500	8437911
4501	5466272
4502	2467905
4503	4861771
4504	7293439
4505	8471873
4506	2914817
4507	6983131
4508	830963
4509	3034675
4510	6256925
4511	820801
4512	716679
4513	3918773
4514	4466443
4515	4713946
4516	7980714
4517	7373768
4518	4784160
4519	6311920
4520	7559397
4521	9229449
4522	7386303
4523	1844149
4524	5669574
4525	5613398
4526	339651
4527	1096370
4528	6609297
4529	5897287
4530	1590870
4531	0
4532	0
4533	4620958
4534	2884778
4535	5191231
4536	3433194
4537	3413168
4538	3020705
4539	7917034
4540	5360316
4541	8376715
4542	12727269
4543	15449886
4544	7761318
4545	9726682
4546	7501135
4547	6228735
4548	9604864
4549	6337424
4550	3224272
4551	8464097
4552	8861250
4553	7768339
4554	12146531
4555	17259472
4556	11900124
4557	11438413
4558	12219969
4559	9308919
4560	6342368
4561	9029811
4562	2390188
4563	8699742
4564	7978433
4565	2902384
4566	5940196
4567	6212931
4568	7416375
4569	8236137
4570	15962972
4571	11165927
4572	3745409
4573	4737844
4574	6502351
4575	4809992
4576	7506225
4577	9381263
4578	5358788
4579	5257535
4580	6599791
4581	8184928
4582	11945160
4583	8437998
4584	8746936
4585	6571827
4586	7068488
4587	5825873
4588	7345985
4589	8300065
4590	8716512
4591	10159040
4592	11951073
4593	10709605
4594	11656532
4595	13622639
4596	7259752
4597	7381514
4598	8327578
4599	8443205
4600	5282396
4601	7256230
4602	6296322
4603	8803333
4604	8240843
4605	10389661
4606	9311671
4607	1818171
4608	1989967
4609	1932761
4610	2036695
4611	1882640
4612	1928172
4613	2022794
4614	1902178
4615	2245824
4616	4052824
4617	6983286
4618	8288705
4619	8446580
4620	7767150
4621	4747000
4622	2612625
4623	5710155
4624	7383671
4625	8523318
4626	8038407
4627	7411234
4628	8910861
4629	8117938
4630	9055729
4631	5297019
4632	1239556
4633	1869974
4634	2017106
4635	3091
4636	2725
4637	80482
4638	2280874
4639	94083
4640	13794
4641	364575
4642	247754
4643	1857
4644	4335
4645	459041
4646	2346938
4647	24002
4648	2107
4649	591169
4650	4914184
4651	7290269
4652	7390345
4653	2141966
4654	7767909
4655	10258065
4656	8285878
4657	4202227
4658	4341090
4659	1091706
4660	5016438
4661	6565381
4662	7231119
4663	9704068
4664	7069260
4665	9985154
4666	11691245
4667	7104372
4668	8234092
4669	2642010
4670	2429468
4671	5475802
4672	5283544
4673	7138578
4674	2829578
4675	912443
4676	206558
4677	979123
4678	4828964
4679	457039
4680	45235
4681	45049
4682	125502
4683	279215
4684	31931
4685	163945
4686	19302
4687	31190
4688	142112
4689	62875
4690	7288
4691	9922
4692	61803
4693	35182
4694	150824
4695	87215
4696	234728
4697	100390
4698	67721
4699	19405
4700	24310
4701	203512
4702	9096
4703	6488
4704	2423672
4705	7796947
4706	8849153
4707	5438155
4708	3972835
4709	4293972
4710	779800
4711	7368558
4712	9405208
4713	7353626
4714	4187890
4715	4923476
4716	1211346
4717	7686578
4718	2056482
4719	68794
4720	3209695
4721	5209335
4722	7251753
4723	7127146
4724	8620392
4725	7642689
4726	10265405
4727	9881697
4728	7633229
4729	6466375
4730	2342440
4731	2467475
4732	7606383
4733	6061231
4734	7502576
4735	753872
4736	856936
4737	221151
4738	1404247
4739	6300534
4740	7302845
4741	8115364
4742	8031931
4743	2349196
4744	0
4745	0
4746	0
4747	0
4748	0
4749	5220157
4750	4516181
4751	11935934
4752	11975000
4753	12076198
4754	15498761
4755	11940981
4756	12612386
4757	1501348
4758	10567922
4759	11906079
4760	8024183
4761	177264
4762	3870433
4763	10432478
4764	11537559
4765	11494846
4766	4919389
4767	100478
4768	184871
4769	5526405
4770	7029880
4771	12324302
4772	13629126
4773	11724403
4774	16361839
4775	11912660
4776	10868874
4777	2578218
4778	10519390
4779	12910711
4780	6013044
4781	357285
4782	5628384
4783	5142572
4784	11711985
4785	9477699
4786	3361585
4787	176588
4788	108742
4789	6057561
4790	6093430
4791	8627145
4792	10121751
4793	5138966
4794	5760849
4795	2944287
4796	1389629
4797	5151399
4798	6212285
4799	8078474
4800	6253971
4801	8683670
4802	9885953
4803	3913508
4804	7937798
4805	804207
4806	5000323
4807	5340176
4808	322693
4809	2178157
4810	6020763
4811	3007629
4812	8492307
4813	8869627
4814	6037574
4815	4742823
4816	6075041
4817	8111510
4818	9003710
4819	8747668
4820	8168770
4821	10992047
4822	9596864
4823	8024746
4824	4856541
4825	2312697
4826	3698921
4827	8148022
4828	7104656
4829	6167152
4830	307500
4831	540236
4832	778207
4833	2578251
4834	7296063
4835	5061336
4836	9750844
4837	5523500
4838	1166844
4839	0
4840	0
4841	0
4842	0
4843	96529
4844	6627820
4845	5786389
4846	3308822
4847	5224192
4848	7215387
4849	3533261
4850	2627652
4851	6312043
4852	6950295
4853	5069792
4854	4545787
4855	10149531
4856	9995709
4857	6559496
4858	4703177
4859	7946864
4860	3805716
4861	9310695
4862	12827335
4863	15867800
4864	14092971
4865	17464126
4866	13272681
4867	8858299
4868	5419495
4869	11092697
4870	14128452
4871	3318046
4872	516423
4873	7685468
4874	10268443
4875	14817478
4876	8670583
4877	3794739
4878	3704802
4879	3596828
4880	9037092
4881	9529951
4882	8856425
4883	13556562
4884	6253779
4885	7660070
4886	12976192
4887	14384419
4888	18447984
4889	12598425
4890	9511151
4891	8299241
4892	10683898
4893	12770378
4894	12635031
4895	15778117
4896	11971742
4897	13340252
4898	2042795
4899	9862226
4900	10312284
4901	8755785
4902	393469
4903	2864378
4904	9740726
4905	8379501
4906	8687506
4907	4469198
4908	4142911
4909	2569011
4910	5669588
4911	9607899
4912	6305663
4913	11862458
4914	8927529
4915	6725097
4916	3928107
4917	17597223
4918	12621154
4919	12290494
4920	10567171
4921	8588903
4922	7899335
4923	8462281
4924	9364968
4925	3954452
4926	6272961
4927	1556858
4928	2457706
4929	5306922
4930	2533080
4931	2704574
4932	4558641
4933	5859283
4934	4081049
4935	9359453
4936	9883886
4937	7477411
4938	8783891
4939	10360337
4940	5044162
4941	7076339
4942	1134616
4943	3873515
4944	6799241
4945	725257
4946	789693
4947	7379691
4948	4095119
4949	7979509
4950	8113821
4951	7074828
4952	6465201
4953	5748713
4954	3801228
4955	10078069
4956	7537067
4957	10430417
4958	5902397
4959	6746190
4960	5148994
4961	6416893
4962	7634319
4963	10052066
4964	7841698
4965	9843654
4966	12685423
4967	7482268
4968	8683942
4969	2958394
4970	2431441
4971	5288792
4972	6152888
4973	7706462
4974	3437604
4975	895211
4976	186329
4977	971934
4978	4690512
4979	7700614
4980	4905671
4981	10260377
4982	3897449
4983	1062180
4984	0
4985	0
4986	0
4987	0
4988	1592002
4989	5916084
4990	6483462
4991	2748831
4992	7361094
4993	7478544
4994	3671328
4995	2063171
4996	10722820
4997	9848723
4998	6489570
4999	5010941
5000	12189014
5001	10024997
5002	5871371
5003	4219827
5004	7141923
5005	4935888
5006	7568719
5007	2389699
5008	5701677
5009	9772963
5010	5696880
5011	3737229
5012	2134473
5013	5944952
5014	9099403
5015	16026669
5016	7081770
5017	8022353
5018	8229329
5019	11233357
5020	11663835
5021	11076067
5022	6980863
5023	5889598
5024	7400979
5025	9713496
5026	5997974
5027	2650436
5028	6999222
5029	7708172
5030	10540725
5031	12121539
5032	12974380
5033	11870399
5034	11489037
5035	2513032
5036	8095916
5037	9160492
5038	7274856
5039	927641
5040	1188878
5041	11307797
5042	7671550
5043	12527926
5044	5138945
5045	1870674
5046	899464
5047	1876254
5048	7367627
5049	7386242
5050	9328240
5051	10273480
5052	6126066
5053	4078774
5054	14224844
5055	13674389
5056	9831548
5057	6910032
5058	6262697
5059	9357798
5060	4999178
5061	5631831
5062	8267631
5063	4136233
5064	3823987
5065	3882865
5066	6273963
5067	15947770
5068	12772682
5069	12201849
5070	9563876
5071	6683718
5072	13970796
5073	4435047
5074	8477415
5075	10706257
5076	12213456
5077	9444768
5078	2578635
5079	5534741
5080	6911059
5081	1617365
5082	6740182
5083	9568231
5084	3429462
5085	168240
5086	3140272
5087	5786422
5088	8573890
5089	3516154
5090	2369366
5091	924183
5092	679657
5093	4127813
5094	6153984
5095	4909686
5096	8283014
5097	5831220
5098	4566380
5099	4409170
5100	12291400
5101	9530828
5102	9788435
5103	9196148
5104	5537373
5105	6982720
5106	5757150
5107	8371192
5108	4844032
5109	4333937
5110	2299613
5111	5240185
5112	10190879
5113	12126986
5114	9173394
5115	9580990
5116	16253703
5117	8702505
5118	10194950
5119	4740885
5120	7244721
5121	7213248
5122	2507013
5123	2715678
5124	4266774
5125	950772
5126	1430439
5127	3333401
5128	913445
5129	564779
5130	2581663
5131	4304538
5132	2065563
5133	6611570
5134	6462857
5135	3479714
5136	4931359
5137	2644047
5138	2272378
5139	7003918
5140	4848813
5141	9482972
5142	4926550
5143	5013102
5144	4214675
5145	4244712
5146	5772005
5147	5981673
5148	4805035
5149	4582366
5150	7487252
5151	8808650
5152	7631540
5153	4486919
5154	5757438
5155	6343906
5156	5258275
5157	7674734
5158	8725156
5159	11748982
5160	7080966
5161	9694680
5162	7776302
5163	5275474
5164	5478143
5165	7235572
5166	8558847
5167	6704183
5168	5318738
5169	7170858
5170	8288771
5171	8042585
5172	8817987
5173	10921167
5174	10455648
5175	12869323
5176	8795361
5177	11600218
5178	10754533
5179	13922984
5180	6059112
5181	8184393
5182	4938410
5183	7143295
5184	6611567
5185	9113519
5186	7142886
5187	8503151
5188	8624524
5189	4780055
5190	6707221
5191	6380607
5192	8587005
5193	7541306
5194	9506720
5195	9095683
5196	1999625
5197	2033944
5198	1975945
5199	2068575
5200	2197322
5201	2473729
5202	2624001
5203	1998596
5204	2172084
5205	2059490
5206	2284184
5207	2118416
5208	2717580
5209	2682721
5210	4123911
5211	6881459
5212	6677498
5213	7895540
5214	5900990
5215	7584199
5216	8557836
5217	7931207
5218	6974997
5219	9027599
5220	7318373
5221	7097472
5222	3979378
5223	851614
5224	1183859
5225	4546071
5226	6040284
5227	7330025
5228	8531445
5229	7371275
5230	7859053
5231	10090375
5232	6549020
5233	9798613
5234	3077729
5235	1460602
5236	2725637
5237	907018
5238	0
5239	0
5240	0
5241	0
5242	860370
5243	2616528
5244	498975
5245	94852
5246	1414
5247	32395
5248	808833
5249	0
5250	0
5251	0
5252	0
5253	0
5254	1660206
5255	2703420
5256	13405
5257	89116
5258	0
5259	82446
5260	2298045
5261	5181759
5262	6405436
5263	7741306
5264	6259046
5265	2846816
5266	2881149
5267	5952748
5268	8438090
5269	8938229
5270	8341079
5271	8745642
5272	12545460
5273	8912814
5274	7538501
5275	4703635
5276	2474603
5277	4035988
5278	7368447
5279	6700649
5280	4994058
5281	499831
5282	538151
5283	948610
5284	3053268
5285	5043147
5286	5663678
5287	7543351
5288	8768613
5289	7564104
5290	8863773
5291	12392101
5292	8011857
5293	7233519
5294	4368075
5295	3028646
5296	4319518
5297	7548987
5298	4492297
5299	5521827
5300	625097
5301	570691
5302	1019810
5303	2982867
5304	2232923
5305	0
5306	0
5307	0
5308	0
5309	0
5310	0
5311	0
5312	0
5313	0
5314	0
5315	0
5316	0
5317	0
5318	0
5319	0
5320	0
5321	0
5322	0
5323	0
5324	0
5325	0
5326	0
5327	0
5328	0
5329	0
5330	0
5331	0
5332	0
5333	0
5334	0
5335	0
5336	0
5337	0
5338	0
5339	0
5340	0
5341	0
5342	2943176
5343	6306587
5344	7657572
5345	9346212
5346	7679031
5347	1611427
5348	6063219
5349	6078006
5350	107369
5351	813855
5352	5013507
5353	7080087
5354	6172876
5355	9005149
5356	7196385
5357	9586486
5358	10319163
5359	7478569
5360	6822496
5361	2146569
5362	2209773
5363	7021073
5364	6294583
5365	8345850
5366	915186
5367	666031
5368	91833
5369	1062457
5370	5687426
5371	8687596
5372	7251377
5373	7917128
5374	3165130
5375	0
5376	0
5377	0
5378	0
5379	0
5380	4478073
5381	3130760
5382	4974295
5383	7145529
5384	7433909
5385	7592319
5386	7721386
5387	11162675
5388	9241196
5389	8165442
5390	5188550
5391	2632296
5392	3040770
5393	7243924
5394	7158282
5395	6381698
5396	426277
5397	934298
5398	442909
5399	1657327
5400	6202112
5401	11792757
5402	4582023
5403	7238180
5404	3106863
5405	0
5406	0
5407	0
5408	0
5409	0
5410	5040221
5411	4036956
5412	8013724
5413	8982898
5414	9008806
5415	9261703
5416	8275133
5417	10688342
5418	9951084
5419	11842040
5420	12075082
5421	994853
5422	2852902
5423	10897637
5424	8986088
5425	11479309
5426	8372484
5427	114146
5428	202871
5429	2833548
5430	9169248
5431	12761556
5432	5979038
5433	10268966
5434	9836764
5435	5234733
5436	0
5437	0
5438	0
5439	322742
5440	10712989
5441	6238788
5442	10230971
5443	12892191
5444	13700599
5445	11778681
5446	12897503
5447	16811046
5448	11484037
5449	12146154
5450	10355855
5451	1984663
5452	6618171
5453	12545020
5454	8543948
5455	13504356
5456	5752404
5457	398024
5458	175772
5459	6627189
5460	5992418
5461	6857920
5462	3866120
5463	11730932
5464	9556827
5465	2773325
5466	0
5467	0
5468	0
5469	2175642
5470	9320739
5471	4956750
5472	8684287
5473	8787434
5474	10498659
5475	7616503
5476	1136294
5477	6765666
5478	6167038
5479	143945
5480	1539043
5481	2841551
5482	5556916
5483	5423571
5484	6299209
5485	8412251
5486	4612265
5487	7229879
5488	6835316
5489	10028962
5490	6792068
5491	10398339
5492	10583506
5493	7739506
5494	8062549
5495	2211735
5496	2135068
5497	6180146
5498	6596426
5499	9631626
5500	1543295
5501	657238
5502	92759
5503	739036
5504	4777250
5505	8790409
5506	5389931
5507	7931276
5508	3485451
5509	390339
5510	0
5511	0
5512	0
5513	0
5514	3582459
5515	4293501
5516	6741722
5517	2443622
5518	8143831
5519	4769615
5520	3225811
5521	1410800
5522	7506523
5523	6984708
5524	4231699
5525	3264930
5526	13056250
5527	9111122
5528	5777913
5529	3162831
5530	6367530
5531	4649309
5532	5536854
5533	7512539
5534	7372132
5535	8737103
5536	8415617
5537	11184093
5538	10204663
5539	8832565
5540	5660498
5541	2668375
5542	2962011
5543	7518286
5544	8075463
5545	6736035
5546	543613
5547	933226
5548	212087
5549	1576427
5550	5911600
5551	10773970
5552	4935078
5553	6210939
5554	3485253
5555	0
5556	0
5557	0
5558	0
5559	0
5560	5796372
5561	4243948
5562	8501789
5563	3334714
5564	3350905
5565	4152252
5566	5790992
5567	3007122
5568	7825503
5569	3788244
5570	4225511
5571	6709523
5572	13231100
5573	6067725
5574	5379147
5575	5941380
5576	4694039
5577	6811717
5578	11150896
5579	13933175
5580	15032414
5581	14380343
5582	14964770
5583	17867429
5584	14108712
5585	13058258
5586	13528055
5587	2295868
5588	5780049
5589	13476588
5590	9625349
5591	13534285
5592	8387117
5593	286403
5594	522718
5595	5205557
5596	11470747
5597	14565804
5598	6183428
5599	12193882
5600	11183123
5601	5332507
5602	2603759
5603	3605014
5604	3908135
5605	3112626
5606	11547793
5607	10273278
5608	11560535
5609	7372911
5610	6093810
5611	10239391
5612	10926928
5613	6948394
5614	5931232
5615	14001209
5616	11190547
5617	15986826
5618	17217476
5619	12336045
5620	8675683
5621	13267741
5622	7060029
5623	8358604
5624	11260034
5625	12183618
5626	15285799
5627	12369772
5628	13373667
5629	16579547
5630	11750704
5631	11739485
5632	9293152
5633	1987707
5634	7896366
5635	12944702
5636	7822619
5637	13594688
5638	4171741
5639	444647
5640	319267
5641	8154759
5642	9308633
5643	9962318
5644	5250218
5645	11759499
5646	6996810
5647	2473386
5648	2596046
5649	2141436
5650	3220519
5651	5422362
5652	8198386
5653	11547621
5654	9691088
5655	6315848
5656	3839907
5657	10506463
5658	9317159
5659	6025727
5660	4160671
5661	12885457
5662	12508244
5663	7980269
5664	8724142
5665	16330348
5666	8816996
5667	10944442
5668	7692626
5669	6148947
5670	8585457
5671	9117476
5672	9973771
5673	5525469
5674	2376481
5675	6889573
5676	4058890
5677	219539
5678	4801700
5679	3144673
5680	4621083
5681	3213345
5682	3056246
5683	2808933
5684	6549224
5685	3488757
5686	5728669
5687	3614173
5688	11294651
5689	9166985
5690	10055824
5691	7494648
5692	5154497
5693	7486719
5694	7674276
5695	9107800
5696	8582088
5697	12724729
5698	10873696
5699	8026938
5700	6899287
5701	2360714
5702	2550192
5703	8486919
5704	6505721
5705	7972173
5706	797556
5707	966822
5708	235954
5709	1521580
5710	6627534
5711	7057779
5712	7961324
5713	7987606
5714	2273291
5715	0
5716	0
5717	0
5718	0
5719	0
5720	6252588
5721	4791700
5722	5797676
5723	3548113
5724	9051559
5725	3459573
5726	3494801
5727	4350729
5728	10274400
5729	4663538
5730	4997872
5731	6958191
5732	14819788
5733	6555832
5734	6223927
5735	6108843
5736	5115257
5737	7342461
5738	5174125
5739	3384264
5740	6947741
5741	8063361
5742	3706532
5743	2602777
5744	4418314
5745	5933578
5746	13602005
5747	12266923
5748	7712076
5749	6818844
5750	7935019
5751	12237871
5752	15195352
5753	9518458
5754	6801175
5755	5083517
5756	6358398
5757	9988373
5758	4943711
5759	5092204
5760	6150803
5761	6196699
5762	7773214
5763	9676835
5764	8039156
5765	10499292
5766	14485593
5767	7882777
5768	8832526
5769	3807282
5770	3031211
5771	5324061
5772	8664226
5773	5963392
5774	5948945
5775	1017035
5776	175394
5777	1079892
5778	4426241
5779	7216437
5780	8915357
5781	4331435
5782	8345260
5783	917253
5784	0
5785	0
5786	0
5787	0
5788	1230472
5789	6772419
5790	6083748
5791	7575667
5792	4054108
5793	1684877
5794	7383614
5795	3312718
5796	7983804
5797	7577810
5798	5839584
5799	3757145
5800	12256818
5801	12127598
5802	7072708
5803	3884259
5804	7915254
5805	4668402
5806	7786575
5807	7286921
5808	3799814
5809	1783074
5810	4026636
5811	7180625
5812	6999520
5813	3692242
5814	8383871
5815	17050461
5816	8509670
5817	8342770
5818	7814944
5819	10649763
5820	11734373
5821	13375887
5822	7414205
5823	6950483
5824	8078006
5825	7800625
5826	8067614
5827	3996376
5828	7999524
5829	7034905
5830	10981623
5831	9795729
5832	14698884
5833	12751901
5834	18146034
5835	18392423
5836	12432557
5837	12366928
5838	6584713
5839	2050067
5840	10172165
5841	13602648
5842	8031666
5843	13451587
5844	1476541
5845	42631
5846	997346
5847	9765515
5848	15847763
5849	10036826
5850	5956943
5851	13896907
5852	6259345
5853	2253347
5854	491895
5855	1585494
5856	928106
5857	7990390
5858	6519258
5859	14728960
5860	8558252
5861	6641417
5862	3706824
5863	13218573
5864	7774158
5865	6952534
5866	4998292
5867	10704180
5868	11346087
5869	21403499
5870	14833939
5871	9270164
5872	8881923
5873	9260014
5874	9562735
5875	14254342
5876	7400854
5877	6284632
5878	4286282
5879	7874684
5880	6268138
5881	10127028
5882	4392493
5883	5027877
5884	4054047
5885	5982784
5886	19411734
5887	13719588
5888	17098988
5889	20472701
5890	16615055
5891	12781461
5892	10841208
5893	13086655
5894	18136967
5895	8992066
5896	7656221
5897	10555570
5898	8885084
5899	12189933
5900	13165612
5901	13833340
5902	14467105
5903	20573772
5904	13079515
5905	12443244
5906	12728669
5907	2277927
5908	4920952
5909	12830695
5910	9933949
5911	12508244
5912	8382862
5913	680022
5914	179071
5915	4837252
5916	10381571
5917	13693576
5918	5532236
5919	10226546
5920	10761761
5921	4700115
5922	1344262
5923	843899
5924	877381
5925	1092693
5926	11532372
5927	9034108
5928	12193145
5929	7221247
5930	5811891
5931	9016256
5932	11840212
5933	6942449
5934	5472063
5935	9724678
5936	10683750
5937	8876342
5938	7013766
5939	18232677
5940	11825561
5941	12194429
5942	6852559
5943	12059623
5944	12001162
5945	7596432
5946	4542328
5947	7538259
5948	7669200
5949	12262743
5950	9239008
5951	6311089
5952	4114639
5953	5670762
5954	11629296
5955	23287114
5956	15510105
5957	13424879
5958	11242804
5959	15669795
5960	19389649
5961	14315528
5962	13739411
5963	13567497
5964	6372988
5965	10027561
5966	5312622
5967	8170919
5968	8219968
5969	9904989
5970	6047979
5971	1294415
5972	6019270
5973	5169382
5974	291478
5975	3299577
5976	3975950
5977	5737873
5978	995170
5979	776018
5980	908382
5981	7063698
5982	2479638
5983	6581925
5984	2157305
5985	11428480
5986	4945851
5987	11438475
5988	4646146
5989	7327277
5990	2592157
5991	6835349
5992	6091185
5993	2720003
5994	8633593
5995	9061114
5996	7632259
5997	13313524
5998	8540097
5999	6710813
6000	6043520
6001	3496
6002	5331
6003	11502
6004	3901
6005	2326
6006	3258
6007	10263
6008	7911
6009	0
6010	98420
6011	912781
6012	638720
6013	1115861
6014	6343
6015	53006
6016	523203
6017	0
6018	0
6019	269913
6020	1359633
6021	104437
6022	189134
6023	103604
6024	184677
6025	93446
6026	62833
6027	8278
6028	528477
6029	339566
6030	104172
6031	0
6032	0
6033	0
6034	1574617
6035	313331
6036	976315
6037	379036
6038	99
6039	156
6040	489
6041	290
6042	309
6043	143
6044	761
6045	10392
6046	105053
6047	8806
6048	3176
6049	456769
6050	332370
6051	156923
6052	100180
6053	432020
6054	4188
6055	7161
6056	0
6057	0
6058	1149251
6059	696058
6060	772316
6061	441503
6062	374274
6063	384990
6064	1161985
6065	278
6066	61081
6067	93
6068	3
6069	6
6070	0
6071	666
6072	103
6073	174
6074	16
6075	205
6076	92
6077	0
6078	630
6079	43872
6080	42811
6081	68892
6082	1121
6083	7703
6084	253682
6085	315115
6086	350719
6087	112869
6088	440271
6089	340
6090	115526
6091	336207
6092	253495
6093	320
6094	14797
6095	7732
6096	0
6097	0
6098	0
6099	0
6100	0
6101	0
6102	0
6103	0
6104	0
6105	0
6106	0
6107	0
6108	0
6109	0
6110	0
6111	0
6112	0
6113	0
6114	18897
6115	301495
6116	177014
6117	155280
6118	85527
6119	219140
6120	1110
6121	34844
6122	206331
6123	391120
6124	215712
6125	132645
6126	279659
6127	25596
6128	119542
6129	52729
6130	338841
6131	97526
6132	2484
6133	22428
6134	289611
6135	169645
6136	148308
6137	98477
6138	200258
6139	1649
6140	13513
6141	334055
6142	378877
6143	449010
6144	113127
6145	590291
6146	1839
6147	145064
6148	544071
6149	316496
6150	410
6151	19351
6152	303315
6153	5136
6154	0
6155	54868
6156	104375
6157	230713
6158	174569
6159	39128
6160	0
6161	0
6162	0
6163	0
6164	0
6165	0
6166	0
6167	0
6168	0
6169	0
6170	0
6171	0
6172	0
6173	0
6174	0
6175	0
6176	0
6177	0
6178	0
6179	0
6180	0
6181	0
6182	0
6183	0
6184	0
6185	0
6186	0
6187	0
6188	0
6189	105663
6190	1483048
6191	972436
6192	563746
6193	503555
6194	751162
6195	439015
6196	640683
6197	409199
6198	303198
6199	48082
6200	252630
6201	2253208
6202	718582
6203	925137
6204	654796
6205	1056321
6206	139966
6207	825165
6208	674932
6209	779771
6210	7255
6211	182333
6212	711757
6213	255845
6214	1091172
6215	507823
6216	247891
6217	290092
6218	250562
6219	134876
6220	1416031
6221	533210
6222	464884
6223	708144
6224	276928
6225	325181
6226	704264
6227	283339
6228	250638
6229	8668
6230	7329
6231	898358
6232	410851
6233	230426
6234	608268
6235	125149
6236	73909
6237	243362
6238	859316
6239	18759
6240	177
6241	209221
6242	143116
6243	0
6244	0
6245	161558
6246	186350
6247	141675
6248	238255
6249	557733
6250	38013
6251	0
6252	0
6253	0
6254	459419
6255	436161
6256	535763
6257	217040
6258	619266
6259	225848
6260	0
6261	0
6262	0
6263	0
6264	0
6265	0
6266	0
6267	0
6268	0
6269	0
6270	0
6271	0
6272	0
6273	0
6274	0
6275	0
6276	0
6277	0
6278	0
6279	0
6280	0
6281	0
6282	0
6283	0
6284	0
6285	0
6286	0
6287	0
6288	0
6289	0
6290	0
6291	0
6292	0
6293	0
6294	0
6295	0
6296	0
6297	0
6298	0
6299	0
6300	0
6301	0
6302	0
6303	0
6304	0
6305	18963
6306	4792469
6307	3355856
6308	2327956
6309	2651011
6310	1771386
6311	2479457
6312	2085796
6313	1012482
6314	933269
6315	2172349
6316	1088895
6317	711994
6318	2346535
6319	2967889
6320	940194
6321	36974
6322	6999249
6323	1752115
6324	2961606
6325	2994844
6326	3476409
6327	190788
6328	2828024
6329	852253
6330	5024519
6331	213241
6332	918932
6333	3573530
6334	1603066
6335	2258832
6336	1424615
6337	650221
6338	279247
6339	1283793
6340	1976092
6341	1769320
6342	1066440
6343	864722
6344	818569
6345	629002
6346	248195
6347	4265070
6348	3570518
6349	2813127
6350	2018721
6351	560542
6352	6039671
6353	3385808
6354	1421067
6355	2870288
6356	637951
6357	2100205
6358	2559532
6359	770599
6360	514509
6361	2266919
6362	2312110
6363	1548599
6364	2689126
6365	2573747
6366	214781
6367	101807
6368	502061
6369	338853
6370	141223
6371	388977
6372	218356
6373	18570
6374	123201
6375	789252
6376	10715
6377	152
6378	54378
6379	114754
6380	0
6381	0
6382	119450
6383	201110
6384	148057
6385	149675
6386	155551
6387	29781
6388	0
6389	0
6390	0
6391	394816
6392	222926
6393	625631
6394	227367
6395	607960
6396	310809
6397	145443
6398	145019
6399	0
6400	0
6401	0
6402	0
6403	0
6404	325170
6405	422520
6406	758861
6407	307158
6408	354130
6409	1090229
6410	1922768
6411	1465377
6412	0
6413	0
6414	0
6415	0
6416	0
6417	0
6418	0
6419	0
6420	0
6421	0
6422	0
6423	0
6424	0
6425	0
6426	0
6427	0
6428	0
6429	0
6430	0
6431	0
6432	0
6433	0
6434	0
6435	0
6436	0
6437	0
6438	0
6439	0
6440	0
6441	0
6442	0
6443	0
6444	0
6445	0
6446	0
6447	0
6448	0
6449	0
6450	0
6451	0
6452	0
6453	0
6454	0
6455	0
6456	0
6457	0
6458	0
6459	0
6460	0
6461	0
6462	0
6463	0
6464	0
6465	0
6466	0
6467	0
6468	0
6469	0
6470	0
6471	0
6472	0
6473	0
6474	0
6475	0
6476	0
6477	0
6478	0
6479	0
6480	18326
6481	701107
6482	424877
6483	455636
6484	249562
6485	578150
6486	133405
6487	204128
6488	0
6489	409259
6490	471971
6491	207195
6492	0
6493	1351146
6494	2448323
6495	2090470
6496	288310
6497	536714
6498	0
6499	0
6500	447555
6501	821411
6502	13009647
6503	3940241
6504	664861
6505	531260
6506	541827
6507	263372
6508	318923
6509	787494
6510	33678
6511	393971
6512	552354
6513	622609
6514	12902
6515	26674
6516	466319
6517	177910
6518	0
6519	0
6520	243332
6521	371615
6522	391141
6523	458189
6524	469718
6525	208775
6526	0
6527	0
6528	0
6529	1163562
6530	3386953
6531	3415119
6532	2855285
6533	1824171
6534	414516
6535	210714
6536	284084
6537	1031975
6538	0
6539	0
6540	0
6541	0
6542	0
6543	572107
6544	787122
6545	3554481
6546	1995449
6547	14330866
6548	13384931
6549	7628232
6550	8713065
6551	9033103
6552	4107202
6553	9191239
6554	2787854
6555	6706412
6556	6200293
6557	2058578
6558	973673
6559	4846034
6560	4802193
6561	3668152
6562	8741367
6563	12369435
6564	5221841
6565	3866646
6566	4448756
6567	2897216
6568	3116973
6569	15004381
6570	14088085
6571	10853230
6572	5909
6573	5287
6574	12699
6575	8016
6576	0
6577	3599
6578	6965
6579	11823
6580	2652
6581	0
6582	435736
6583	1101810
6584	742603
6585	414795
6586	35998
6587	433322
6588	93751
6589	0
6590	0
6591	1249759
6592	411174
6593	122798
6594	181629
6595	95492
6596	157656
6597	99457
6598	4492
6599	146917
6600	426576
6601	344168
6602	39820
6603	0
6604	0
6605	881784
6606	686942
6607	1018329
6608	418173
6609	173514
6610	309
6611	292
6612	210
6613	200
6614	898
6615	389
6616	8554
6617	72066
6618	52825
6619	5671
6620	80989
6621	476025
6622	324187
6623	131838
6624	428997
6625	11423
6626	12253
6627	0
6628	0
6629	320522
6630	1187161
6631	299616
6632	1004406
6633	265638
6634	489160
6635	1325356
6636	16603
6637	5611
6638	60303
6639	310
6640	64
6641	129
6642	84
6643	153
6644	0
6645	78
6646	869
6647	248
6648	297
6649	78
6650	2290
6651	62823
6652	44707
6653	54493
6654	8722
6655	2904
6656	558448
6657	286339
6658	143961
6659	280246
6660	189667
6661	21982
6662	94166
6663	582641
6664	6218
6665	339
6666	24799
6667	0
6668	0
6669	0
6670	0
6671	0
6672	0
6673	0
6674	0
6675	0
6676	0
6677	0
6678	0
6679	0
6680	0
6681	0
6682	0
6683	0
6684	0
6685	316
6686	36174
6687	70578
6688	529868
6689	208240
6690	131890
6691	228554
6692	87344
6693	90202
6694	83474
6695	329617
6696	106075
6697	2386
6698	17730
6699	295906
6700	171370
6701	150770
6702	86234
6703	216268
6704	11315
6705	250146
6706	153064
6707	206409
6708	66488
6709	229874
6710	1381
6711	9997
6712	7307
6713	678292
6714	346014
6715	196642
6716	474726
6717	99068
6718	56454
6719	155662
6720	757635
6721	13547
6722	397
6723	194520
6724	129291
6725	0
6726	0
6727	165869
6728	145301
6729	155457
6730	141798
6731	0
6732	0
6733	0
6734	0
6735	0
6736	0
6737	0
6738	0
6739	0
6740	0
6741	0
6742	0
6743	0
6744	0
6745	0
6746	0
6747	0
6748	0
6749	0
6750	0
6751	0
6752	0
6753	0
6754	0
6755	0
6756	0
6757	0
6758	0
6759	0
6760	0
6761	113742
6762	251293
6763	2652073
6764	907017
6765	870970
6766	845909
6767	299942
6768	581011
6769	404542
6770	1177315
6771	269296
6772	113695
6773	571209
6774	401095
6775	807365
6776	545910
6777	374630
6778	357198
6779	274152
6780	132525
6781	1176962
6782	783764
6783	805942
6784	465429
6785	698152
6786	106077
6787	475844
6788	761216
6789	268958
6790	145086
6791	1019575
6792	638411
6793	677838
6794	347928
6795	587516
6796	22783
6797	456479
6798	670602
6799	251436
6800	127126
6801	14867
6802	686047
6803	330766
6804	431289
6805	111087
6806	712937
6807	4192
6808	150941
6809	720198
6810	316958
6811	402
6812	39667
6813	322507
6814	0
6815	0
6816	8289
6817	245744
6818	190160
6819	198662
6820	743415
6821	236910
6822	0
6823	0
6824	0
6825	57958
6826	1258940
6827	447668
6828	753018
6829	549295
6830	427806
6831	0
6832	0
6833	0
6834	0
6835	0
6836	0
6837	0
6838	0
6839	0
6840	0
6841	0
6842	0
6843	0
6844	0
6845	0
6846	0
6847	0
6848	0
6849	0
6850	0
6851	0
6852	0
6853	0
6854	0
6855	0
6856	0
6857	0
6858	0
6859	0
6860	0
6861	0
6862	0
6863	0
6864	0
6865	0
6866	0
6867	0
6868	0
6869	0
6870	0
6871	0
6872	0
6873	0
6874	0
6875	0
6876	320
6877	25688
6878	4606794
6879	8218608
6880	3517918
6881	4589200
6882	3674944
6883	1207598
6884	3094614
6885	1936064
6886	5482016
6887	1087079
6888	795338
6889	3634428
6890	2631871
6891	3571158
6892	3181261
6893	1488174
6894	271460
6895	1326459
6896	2945689
6897	3106022
6898	1621687
6899	2755236
6900	1758346
6901	2127871
6902	1361108
6903	3667043
6904	3647059
6905	3131971
6906	2523224
6907	180940
6908	5982953
6909	3285592
6910	2458733
6911	3261137
6912	1595214
6913	2648553
6914	3045679
6915	1418649
6916	1020004
6917	2437149
6918	2132523
6919	1690402
6920	2807508
6921	2784754
6922	750301
6923	4413561
6924	3057900
6925	1862070
6926	1474131
6927	2296779
6928	1126999
6929	2153270
6930	1594068
6931	313208
6932	1697232
6933	1739210
6934	1690579
6935	2057050
6936	2310219
6937	1288291
6938	9710
6939	387116
6940	275321
6941	371284
6942	111419
6943	544172
6944	1039
6945	137440
6946	478867
6947	325455
6948	69
6949	9813
6950	165910
6951	1337
6952	0
6953	6512
6954	226691
6955	167627
6956	173240
6957	155776
6958	84028
6959	0
6960	0
6961	0
6962	39776
6963	1085411
6964	518464
6965	657196
6966	547984
6967	505874
6968	269286
6969	255864
6970	0
6971	0
6972	0
6973	0
6974	0
6975	47685
6976	599893
6977	280518
6978	382449
6979	1466547
6980	305328
6981	2650079
6982	1878257
6983	1100303
6984	0
6985	0
6986	0
6987	0
6988	0
6989	0
6990	0
6991	0
6992	0
6993	0
6994	0
6995	0
6996	0
6997	0
6998	0
6999	0
7000	0
7001	0
7002	0
7003	0
7004	0
7005	0
7006	0
7007	0
7008	0
7009	0
7010	0
7011	0
7012	0
7013	0
7014	0
7015	0
7016	0
7017	0
7018	0
7019	0
7020	0
7021	0
7022	0
7023	0
7024	0
7025	0
7026	0
7027	0
7028	0
7029	0
7030	0
7031	0
7032	0
7033	0
7034	0
7035	0
7036	0
7037	0
7038	0
7039	0
7040	0
7041	0
7042	0
7043	0
7044	0
7045	0
7046	0
7047	0
7048	0
7049	0
7050	0
7051	0
7052	1281
7053	773299
7054	636723
7055	545478
7056	277151
7057	589655
7058	329965
7059	172687
7060	320716
7061	771710
7062	365225
7063	68
7064	257239
7065	422264
7066	9680
7067	0
7068	0
7069	342004
7070	433649
7071	392003
7072	541479
7073	312814
7074	205224
7075	0
7076	0
7077	0
7078	2808771
7079	3509313
7080	3036597
7081	2668391
7082	1143980
7083	376317
7084	269875
7085	814858
7086	546478
7087	0
7088	0
7089	0
7090	0
7091	136635
7092	580896
7093	3819513
7094	641401
7095	8568690
7096	12186856
7097	9143149
7098	587739
7099	390318
7100	544517
7101	238783
7102	558350
7103	15568
7104	324159
7105	0
7106	341420
7107	466463
7108	269694
7109	0
7110	801835
7111	3374478
7112	1961234
7113	303222
7114	628147
7115	0
7116	0
7117	341742
7118	752469
7119	9013133
7120	8462421
7121	10441994
7122	10176917
7123	7466612
7124	5884437
7125	7970121
7126	2832792
7127	8193329
7128	6601954
7129	387384
7130	4623576
7131	5122305
7132	6046233
7133	6497026
7134	10102939
7135	9780625
7136	4539539
7137	7281470
7138	5850296
7139	4064585
7140	10845633
7141	11768383
7142	13601103
7143	6002556
7144	4146111
7145	3972519
7146	6019088
7147	4685389
7148	7217825
7149	10119012
7150	4618600
7151	4992026
7152	4558729
7153	7887411
7154	8918805
7155	8223736
7156	6663903
7157	6707624
7158	6099306
7159	5112668
7160	7257909
7161	8032081
7162	1498462
7163	667490
7164	626895
7165	774229
7166	1260301
7167	6324888
7168	7050704
7169	6706909
7170	1329200
7171	5251013
7172	7253368
7173	7470125
7174	8332135
7175	4068264
7176	251846
7177	200941
7178	225633
7179	28459
7180	2896
7181	209225
7182	270460
7183	26057
7184	2812924
7185	7436745
7186	8383198
7187	4291282
7188	4468122
7189	2839232
7190	1089342
7191	5046825
7192	7194787
7193	7241315
7194	6874041
7195	3552399
7196	3021849
7197	5049829
7198	1971057
7199	243497
7200	21484
7201	293041
7202	170980
7203	148469
7204	84684
7205	213368
7206	17850
7207	246801
7208	152169
7209	204047
7210	84594
7211	211171
7212	356412
7213	4951439
7214	6390045
7215	6448885
7216	1991200
7217	5109738
7218	151993
7219	4960281
7220	3927998
7221	148445
7222	668247
7223	4392774
7224	6321241
7225	6117920
7226	6442022
7227	3447537
7228	2423204
7229	5139866
7230	2569864
7231	200955
7232	5887192
7233	3924423
7234	4155302
7235	0
7236	0
7237	1377117
7238	8187030
7239	8271499
7240	10261643
7241	4701988
7242	9719862
7243	43512
7244	6645621
7245	9685209
7246	973842
7247	2817040
7248	11122075
7249	10275999
7250	10289872
7251	5200309
7252	9648756
7253	267267
7254	6496925
7255	10006167
7256	271499
7257	1645051
7258	6270373
7259	6549988
7260	4652240
7261	2914978
7262	4203653
7263	836002
7264	5682889
7265	1818421
7266	227290
7267	2102067
7268	3595375
7269	2215977
7270	5053499
7271	6384282
7272	3922647
7273	4753163
7274	6728251
7275	6552938
7276	6930661
7277	3769942
7278	2413173
7279	5520914
7280	2796566
7281	213059
7282	5147563
7283	3706888
7284	4110346
7285	0
7286	0
7287	1118363
7288	3830100
7289	2584989
7290	3977366
7291	2169749
7292	2636646
7293	3915390
7294	6427579
7295	5012318
7296	12725850
7297	12738743
7298	12122895
7299	5476302
7300	11088112
7301	195753
7302	9358492
7303	10429239
7304	2327917
7305	5669783
7306	5695721
7307	8472637
7308	5139453
7309	15054304
7310	11140937
7311	8782077
7312	10830718
7313	11187007
7314	4511212
7315	10294562
7316	2521106
7317	7900165
7318	8014571
7319	3325689
7320	2825184
7321	6465886
7322	5988162
7323	4963266
7324	10180159
7325	10621479
7326	4483749
7327	5402137
7328	5582258
7329	2102451
7330	5299502
7331	782952
7332	2327806
7333	4844857
7334	206975
7335	156171
7336	2429235
7337	2956250
7338	2835348
7339	4814353
7340	5528666
7341	3201504
7342	3950811
7343	2251263
7344	1324962
7345	6756711
7346	6129660
7347	6391810
7348	5965998
7349	3686585
7350	6340348
7351	4848505
7352	6218568
7353	4112057
7354	1116169
7355	4866898
7356	3545567
7357	241701
7358	3333534
7359	3473585
7360	4758914
7361	68620
7362	0
7363	158219
7364	3751935
7365	1474333
7366	4404672
7367	1819918
7368	5223011
7369	3296909
7370	7374795
7371	2889627
7372	3922959
7373	1420991
7374	2958841
7375	4121258
7376	2290650
7377	5069330
7378	6644199
7379	4870387
7380	8049299
7381	5701227
7382	3618678
7383	8071725
7384	10969921
7385	12642792
7386	7297690
7387	7832802
7388	7697093
7389	4920910
7390	8467103
7391	6265166
7392	388905
7393	6803817
7394	6130160
7395	7249391
7396	7805499
7397	15058552
7398	9283948
7399	5011464
7400	9413587
7401	6319577
7402	4205293
7403	14190503
7404	16534733
7405	11322608
7406	10545719
7407	9454079
7408	10481658
7409	5236526
7410	8515177
7411	5270438
7412	5846453
7413	8028026
7414	3876934
7415	360663
7416	5705244
7417	6446420
7418	5669457
7419	7214524
7420	10819990
7421	7712742
7422	4312035
7423	8339953
7424	5191438
7425	3044581
7426	13756444
7427	13151598
7428	12369313
